Strike,Last_Price,Bid,Mid,Ask,Volume,OI,IV,Delta,Gamma,Theta,Vega,OptionType,Expiration,UndPrice
100.00,105.7,102.25,103.00,103.75,3,14,6.4059,0.96,0.0010,-2.22,0.01,Call,2025-04-17,202.52
110.00,92.5,92.25,93.00,93.75,2,584,5.6536,0.95,0.0012,-2.16,0.02,Call,2025-04-17,202.52
115.00,,87.30,88.03,88.75,0,57,5.3176,0.95,0.0014,-2.15,0.02,Call,2025-04-17,202.52
116.00,,86.25,87.00,87.75,0,12,5.233300000000001,0.95,0.0014,-2.13,0.02,Call,2025-04-17,202.52
117.00,,85.30,86.03,86.75,0,7,5.180599999999999,0.95,0.0014,-2.14,0.02,Call,2025-04-17,202.52
118.00,,84.30,85.65,87.00,0,5,5.4663,0.94,0.0015,-2.57,0.02,Call,2025-04-17,202.52
119.00,87.72,83.25,84.00,84.75,4,11,5.0309,0.94,0.0015,-2.11,0.02,Call,2025-04-17,202.52
120.00,85.99,82.25,82.98,83.70,22,153,4.9495,0.94,0.0015,-2.08,0.02,Call,2025-04-17,202.52
121.00,85.77,79.55,81.78,84.00,4,7,4.7625,0.95,0.0015,-1.93,0.02,Call,2025-04-17,202.52
122.00,82.6,80.30,81.03,81.75,5,11,4.8475,0.94,0.0016,-2.11,0.02,Call,2025-04-17,202.52
123.00,82.76,79.30,80.03,80.75,9,17,4.7823,0.94,0.0017,-2.10,0.02,Call,2025-04-17,202.52
124.00,82.72,78.30,79.53,80.75,4,7,4.9868,0.93,0.0018,-2.44,0.02,Call,2025-04-17,202.52
125.00,81.87,77.25,78.63,80.00,4,145,4.9703,0.93,0.0018,-2.50,0.02,Call,2025-04-17,202.52
126.00,80.81,76.30,77.53,78.75,8,10,4.8535,0.93,0.0019,-2.42,0.02,Call,2025-04-17,202.52
127.00,79.77,75.30,76.03,76.75,4,9,4.5264,0.94,0.0018,-2.07,0.02,Call,2025-04-17,202.52
128.00,76.6,74.30,75.03,75.75,5,8,4.4635,0.94,0.0019,-2.07,0.02,Call,2025-04-17,202.52
129.00,73.6,73.30,74.03,74.75,9,34,4.4011000000000005,0.94,0.0019,-2.06,0.02,Call,2025-04-17,202.52
130.00,73.95,72.30,73.65,75.00,5,205,4.652,0.92,0.0021,-2.47,0.02,Call,2025-04-17,202.52
131.00,76.31,71.30,72.03,72.75,4,12,4.2774,0.93,0.0020,-2.04,0.02,Call,2025-04-17,202.52
132.00,75.32,70.30,71.03,71.75,8,14,4.2161,0.93,0.0021,-2.03,0.02,Call,2025-04-17,202.52
133.00,74.35,69.30,70.03,70.75,4,7,4.1552999999999995,0.93,0.0021,-2.03,0.02,Call,2025-04-17,202.52
134.00,73.32,68.25,69.63,71.00,4,7,4.3837,0.92,0.0023,-2.42,0.02,Call,2025-04-17,202.52
135.00,72.33,67.25,68.63,70.00,8,76,4.3206,0.92,0.0023,-2.41,0.02,Call,2025-04-17,202.52
136.00,68.8,66.25,67.00,67.75,44,15,3.9625,0.93,0.0023,-1.99,0.02,Call,2025-04-17,202.52
137.00,,65.25,66.00,66.75,0,12,3.9032,0.93,0.0023,-1.98,0.02,Call,2025-04-17,202.52
138.00,,64.25,65.63,67.00,0,12,4.1334,0.92,0.0025,-2.37,0.02,Call,2025-04-17,202.52
139.00,66.45,63.25,64.00,64.75,53,26,3.7858,0.93,0.0025,-1.96,0.02,Call,2025-04-17,202.52
140.00,64.87,62.25,63.00,63.75,2,236,3.7275,0.93,0.0025,-1.95,0.02,Call,2025-04-17,202.52
141.00,64.41,61.25,62.63,64.00,4,12,3.9495,0.91,0.0027,-2.34,0.02,Call,2025-04-17,202.52
142.00,63.39,60.25,61.00,61.75,4,13,3.612,0.92,0.0027,-1.93,0.02,Call,2025-04-17,202.52
143.00,62.4,59.25,60.63,62.00,4,24,3.8285,0.91,0.0028,-2.32,0.02,Call,2025-04-17,202.52
144.00,59.31,58.25,59.63,61.00,5,28,3.7686,0.91,0.0029,-2.31,0.02,Call,2025-04-17,202.52
145.00,60.41,57.25,58.58,59.90,2,409,3.6885000000000003,0.91,0.0030,-2.27,0.02,Call,2025-04-17,202.52
146.00,,56.25,57.50,58.75,0,23,3.5987,0.91,0.0031,-2.21,0.02,Call,2025-04-17,202.52
147.00,58.53,55.25,56.63,58.00,3,72,3.5902999999999996,0.90,0.0032,-2.27,0.03,Call,2025-04-17,202.52
148.00,,54.25,55.00,55.75,0,29,3.2725,0.92,0.0031,-1.88,0.02,Call,2025-04-17,202.52
149.00,,53.25,54.00,54.75,0,14,3.2169,0.92,0.0032,-1.87,0.02,Call,2025-04-17,202.52
150.00,55.21,52.30,53.65,55.00,102,617,3.4241,0.90,0.0034,-2.25,0.03,Call,2025-04-17,202.52
152.50,52.75,49.80,50.53,51.25,1,85,3.0345,0.91,0.0036,-1.85,0.02,Call,2025-04-17,202.52
155.00,49.25,46.40,48.20,50.00,25,401,2.9673000000000003,0.90,0.0039,-1.92,0.03,Call,2025-04-17,202.52
157.50,,44.85,46.08,47.30,0,193,2.967,0.89,0.0043,-2.11,0.03,Call,2025-04-17,202.52
160.00,44.3,42.45,43.73,45.00,171,1059,2.8777,0.88,0.0047,-2.15,0.03,Call,2025-04-17,202.52
162.50,,39.80,40.55,41.30,0,1468,2.5053,0.89,0.0050,-1.74,0.03,Call,2025-04-17,202.52
165.00,39.3,37.45,38.50,39.55,298,1491,2.5248,0.87,0.0055,-1.95,0.03,Call,2025-04-17,202.52
167.50,37.2,34.85,36.18,37.50,4,690,2.4425,0.86,0.0060,-2.00,0.03,Call,2025-04-17,202.52
170.00,32.96,32.50,33.13,33.75,391,5121,2.1344,0.87,0.0066,-1.67,0.03,Call,2025-04-17,202.52
172.50,33.4,30.00,30.73,31.45,22,871,2.0335,0.86,0.0073,-1.68,0.03,Call,2025-04-17,202.52
175.00,28.9,27.60,28.23,28.85,247,1458,1.9008,0.85,0.0081,-1.63,0.03,Call,2025-04-17,202.52
177.50,25.44,25.15,25.78,26.40,175,1408,1.7819999999999998,0.84,0.0091,-1.61,0.04,Call,2025-04-17,202.52
180.00,23.02,22.75,23.38,24.00,797,4255,1.6747999999999998,0.83,0.0102,-1.60,0.04,Call,2025-04-17,202.52
182.50,22.05,20.35,20.98,21.60,623,1827,1.5643,0.81,0.0115,-1.58,0.04,Call,2025-04-17,202.52
185.00,19.3,18.00,18.63,19.25,796,4579,1.4616999999999998,0.79,0.0131,-1.57,0.04,Call,2025-04-17,202.52
187.50,18.32,15.70,15.92,16.15,545,1952,1.2746,0.78,0.0155,-1.41,0.04,Call,2025-04-17,202.52
190.00,13.45,13.50,14.08,14.65,2516,11354,1.27,0.74,0.0172,-1.55,0.05,Call,2025-04-17,202.52
192.50,11.63,10.85,11.73,12.60,1491,3187,1.1462,0.71,0.0201,-1.48,0.05,Call,2025-04-17,202.52
195.00,9.45,9.50,9.55,9.60,4107,9905,1.0456999999999999,0.67,0.0234,-1.43,0.05,Call,2025-04-17,202.52
197.50,7.5,7.60,7.68,7.75,5297,5378,0.9826,0.61,0.0263,-1.42,0.06,Call,2025-04-17,202.52
200.00,5.9,5.90,5.95,6.00,33026,36683,0.9216,0.54,0.0289,-1.37,0.06,Call,2025-04-17,202.52
202.50,4.35,4.35,4.43,4.50,17083,11034,0.8658,0.47,0.0309,-1.29,0.06,Call,2025-04-17,202.52
205.00,3.25,3.10,3.18,3.25,48134,16922,0.8231,0.38,0.0312,-1.18,0.06,Call,2025-04-17,202.52
207.50,2.05,2.04,2.05,2.07,31865,6218,0.7635,0.30,0.0304,-0.99,0.05,Call,2025-04-17,202.52
210.00,1.36,1.36,1.37,1.38,80587,18972,0.7456,0.22,0.0268,-0.83,0.04,Call,2025-04-17,202.52
212.50,0.82,0.84,0.86,0.88,33786,9398,0.7263,0.16,0.0221,-0.65,0.04,Call,2025-04-17,202.52
215.00,0.51,0.51,0.52,0.52,87696,24241,0.7104,0.10,0.0171,-0.48,0.03,Call,2025-04-17,202.52
217.50,0.31,0.31,0.32,0.32,15014,9108,0.7081999999999999,0.07,0.0126,-0.35,0.02,Call,2025-04-17,202.52
220.00,0.19,0.19,0.20,0.21,63272,33531,0.716,0.05,0.0091,-0.26,0.01,Call,2025-04-17,202.52
222.50,0.14,0.13,0.14,0.14,16613,4206,0.7331,0.03,0.0066,-0.20,0.01,Call,2025-04-17,202.52
225.00,0.1,0.09,0.10,0.10,20346,27628,0.7547,0.02,0.0049,-0.15,0.01,Call,2025-04-17,202.52
227.50,0.07,0.06,0.07,0.08,5331,4838,0.7802,0.02,0.0036,-0.12,0.01,Call,2025-04-17,202.52
230.00,0.05,0.04,0.05,0.05,18083,25973,0.79,0.01,0.0025,-0.09,0.00,Call,2025-04-17,202.52
232.50,0.04,0.03,0.04,0.04,4922,5060,0.8184999999999999,0.01,0.0020,-0.07,0.00,Call,2025-04-17,202.52
235.00,0.04,0.03,0.04,0.04,7014,26890,0.8706,0.01,0.0017,-0.07,0.00,Call,2025-04-17,202.52
237.50,0.03,0.02,0.03,0.03,3543,3196,0.8868,0.01,0.0013,-0.06,0.00,Call,2025-04-17,202.52
240.00,0.03,0.02,0.03,0.03,12302,42794,0.9356,0.01,0.0012,-0.06,0.00,Call,2025-04-17,202.52
242.50,0.01,0.01,0.02,0.02,2443,4761,0.9323,0.00,0.0008,-0.04,0.00,Call,2025-04-17,202.52
245.00,0.02,0.01,0.02,0.02,6819,20918,0.9773999999999999,0.00,0.0007,-0.04,0.00,Call,2025-04-17,202.52
250.00,0.01,0.00,0.01,0.02,4882,19567,1.0255,0.00,0.0005,-0.03,0.00,Call,2025-04-17,202.52
255.00,0.01,0.00,0.01,0.01,8626,13552,1.044,0.00,0.0003,-0.02,0.00,Call,2025-04-17,202.52
260.00,0.01,0.00,0.01,0.01,1992,17674,1.1211,0.00,0.0002,-0.02,0.00,Call,2025-04-17,202.52
265.00,0.01,0.00,0.01,0.01,1500,22156,1.1961,0.00,0.0002,-0.02,0.00,Call,2025-04-17,202.52
270.00,0.01,0.00,0.01,0.01,229,9759,1.2693,0.00,0.0002,-0.02,0.00,Call,2025-04-17,202.52
275.00,0.01,0.00,0.01,0.01,45,5706,1.3408000000000002,0.00,0.0002,-0.02,0.00,Call,2025-04-17,202.52
280.00,0.01,0.00,0.01,0.01,8,6679,1.4106,0.00,0.0001,-0.02,0.00,Call,2025-04-17,202.52
285.00,0.01,0.00,0.01,0.01,11,5054,1.4788,0.00,0.0001,-0.02,0.00,Call,2025-04-17,202.52
290.00,,0.00,0.01,0.01,0,2625,1.5455,0.00,0.0001,-0.02,0.00,Call,2025-04-17,202.52
295.00,0.01,0.00,0.01,0.01,1,3629,1.6108000000000002,0.00,0.0001,-0.02,0.00,Call,2025-04-17,202.52
300.00,0.01,0.00,0.01,0.01,2,7661,1.6747999999999998,0.00,0.0001,-0.02,0.00,Call,2025-04-17,202.52
305.00,,0.00,0.01,0.01,0,1886,1.7374,0.00,0.0001,-0.02,0.00,Call,2025-04-17,202.52
310.00,,0.00,0.01,0.01,0,618,1.7988,0.00,0.0001,-0.02,0.00,Call,2025-04-17,202.52
315.00,,0.00,0.01,0.01,0,437,1.859,0.00,0.0001,-0.02,0.00,Call,2025-04-17,202.52
320.00,0.01,0.00,0.01,0.01,1,1315,1.9181,0.00,0.0001,-0.02,0.00,Call,2025-04-17,202.52
325.00,,0.00,0.01,0.01,0,669,1.9761000000000002,0.00,0.0001,-0.02,0.00,Call,2025-04-17,202.52
330.00,,0.00,0.01,0.01,0,850,2.033,0.00,0.0001,-0.02,0.00,Call,2025-04-17,202.52
335.00,0.01,0.00,0.01,0.01,1,1163,2.0888999999999998,0.00,0.0001,-0.02,0.00,Call,2025-04-17,202.52
340.00,0.01,0.00,0.01,0.01,8,5399,2.1437,0.00,0.0001,-0.02,0.00,Call,2025-04-17,202.52
100.00,0.01,0.00,0.01,0.01,43,6788,2.9170999999999996,0.00,0.0000,-0.02,0.00,Put,2025-04-17,202.52
110.00,0.01,0.00,0.01,0.01,45,11347,2.5377,0.00,0.0000,-0.02,0.00,Put,2025-04-17,202.52
115.00,0.01,0.00,0.01,0.01,276,4759,2.3604,0.00,0.0001,-0.02,0.00,Put,2025-04-17,202.52
116.00,0.01,0.00,0.01,0.01,4,353,2.3259,0.00,0.0001,-0.02,0.00,Put,2025-04-17,202.52
117.00,0.01,0.00,0.01,0.01,1,152,2.2915,0.00,0.0001,-0.02,0.00,Put,2025-04-17,202.52
118.00,0.01,0.00,0.01,0.01,41,53,2.2575,0.00,0.0001,-0.02,0.00,Put,2025-04-17,202.52
119.00,,0.00,0.01,0.01,0,190,2.2237999999999998,0.00,0.0001,-0.02,0.00,Put,2025-04-17,202.52
120.00,0.01,0.00,0.01,0.01,60,2856,2.1903,0.00,0.0001,-0.02,0.00,Put,2025-04-17,202.52
121.00,0.01,0.00,0.01,0.01,1,126,2.1571000000000002,0.00,0.0001,-0.02,0.00,Put,2025-04-17,202.52
122.00,0.05,0.00,0.01,0.01,5,93,2.1241,0.00,0.0001,-0.02,0.00,Put,2025-04-17,202.52
123.00,,0.00,0.01,0.01,0,2077,2.0913999999999997,0.00,0.0001,-0.02,0.00,Put,2025-04-17,202.52
124.00,,0.00,0.01,0.01,0,359,2.0589,0.00,0.0001,-0.02,0.00,Put,2025-04-17,202.52
125.00,0.01,0.00,0.01,0.01,59,5534,2.0267,0.00,0.0001,-0.02,0.00,Put,2025-04-17,202.52
126.00,0.01,0.00,0.01,0.01,2,826,1.9947,0.00,0.0001,-0.02,0.00,Put,2025-04-17,202.52
127.00,0.01,0.00,0.01,0.01,21,276,1.963,0.00,0.0001,-0.02,0.00,Put,2025-04-17,202.52
128.00,,0.00,0.01,0.01,0,299,1.9315,0.00,0.0001,-0.02,0.00,Put,2025-04-17,202.52
129.00,,0.00,0.01,0.01,0,280,1.9001,0.00,0.0001,-0.02,0.00,Put,2025-04-17,202.52
130.00,0.01,0.00,0.01,0.01,327,1948,1.8691,0.00,0.0001,-0.02,0.00,Put,2025-04-17,202.52
131.00,,0.00,0.01,0.01,0,191,1.8383,0.00,0.0001,-0.02,0.00,Put,2025-04-17,202.52
132.00,0.01,0.00,0.01,0.01,4,162,1.8075999999999999,0.00,0.0001,-0.02,0.00,Put,2025-04-17,202.52
133.00,0.01,0.00,0.01,0.01,52,165,1.7772,0.00,0.0001,-0.02,0.00,Put,2025-04-17,202.52
134.00,0.01,0.00,0.01,0.01,3,491,1.7469999999999999,0.00,0.0001,-0.02,0.00,Put,2025-04-17,202.52
135.00,0.01,0.00,0.01,0.01,136,7521,1.7169999999999999,0.00,0.0001,-0.02,0.00,Put,2025-04-17,202.52
136.00,0.01,0.00,0.01,0.01,8,300,1.6871,0.00,0.0001,-0.02,0.00,Put,2025-04-17,202.52
137.00,,0.00,0.01,0.01,0,457,1.6575,0.00,0.0001,-0.02,0.00,Put,2025-04-17,202.52
138.00,0.01,0.00,0.01,0.01,11,144,1.6281,0.00,0.0001,-0.02,0.00,Put,2025-04-17,202.52
139.00,0.01,0.00,0.01,0.01,35,577,1.5988999999999998,0.00,0.0001,-0.02,0.00,Put,2025-04-17,202.52
140.00,0.01,0.00,0.01,0.01,185,9892,1.5699,0.00,0.0001,-0.02,0.00,Put,2025-04-17,202.52
141.00,0.02,0.00,0.01,0.02,34,1097,1.635,0.00,0.0002,-0.03,0.00,Put,2025-04-17,202.52
142.00,0.01,0.00,0.01,0.01,119,358,1.5123,0.00,0.0001,-0.02,0.00,Put,2025-04-17,202.52
143.00,0.01,0.00,0.01,0.02,1328,310,1.5747,0.00,0.0002,-0.03,0.00,Put,2025-04-17,202.52
144.00,0.01,0.01,0.02,0.02,131,288,1.6043,0.00,0.0003,-0.04,0.00,Put,2025-04-17,202.52
145.00,0.02,0.01,0.02,0.02,9291,6958,1.5736,0.00,0.0003,-0.04,0.00,Put,2025-04-17,202.52
146.00,0.01,0.00,0.01,0.01,8497,305,1.3993,0.00,0.0001,-0.02,0.00,Put,2025-04-17,202.52
147.00,0.02,0.01,0.02,0.02,112,791,1.5128,0.00,0.0003,-0.04,0.00,Put,2025-04-17,202.52
148.00,0.02,0.01,0.02,0.02,105,392,1.4826,0.00,0.0003,-0.04,0.00,Put,2025-04-17,202.52
149.00,0.02,0.01,0.02,0.03,177,396,1.4947,0.00,0.0004,-0.05,0.00,Put,2025-04-17,202.52
150.00,0.02,0.01,0.02,0.02,2984,9133,1.4228,0.00,0.0003,-0.04,0.00,Put,2025-04-17,202.52
152.50,0.02,0.01,0.02,0.02,493,1230,1.3488999999999998,0.00,0.0004,-0.04,0.00,Put,2025-04-17,202.52
155.00,0.02,0.02,0.03,0.03,1124,4237,1.3449,0.00,0.0006,-0.06,0.00,Put,2025-04-17,202.52
157.50,0.03,0.03,0.04,0.04,3150,1014,1.3182,-0.01,0.0008,-0.08,0.00,Put,2025-04-17,202.52
160.00,0.05,0.04,0.05,0.06,3832,8501,1.2953999999999999,-0.01,0.0011,-0.10,0.00,Put,2025-04-17,202.52
162.50,0.03,0.06,0.07,0.07,814,3017,1.258,-0.01,0.0014,-0.12,0.00,Put,2025-04-17,202.52
165.00,0.07,0.07,0.08,0.09,2115,9912,1.2115,-0.01,0.0018,-0.14,0.00,Put,2025-04-17,202.52
167.50,0.09,0.09,0.10,0.10,3555,2706,1.1582999999999999,-0.02,0.0022,-0.16,0.01,Put,2025-04-17,202.52
170.00,0.13,0.12,0.13,0.13,8400,20477,1.1218000000000001,-0.02,0.0029,-0.20,0.01,Put,2025-04-17,202.52
172.50,0.16,0.15,0.16,0.17,3470,2761,1.0801,-0.03,0.0037,-0.24,0.01,Put,2025-04-17,202.52
175.00,0.2,0.19,0.20,0.21,6897,8407,1.0331000000000001,-0.03,0.0047,-0.28,0.01,Put,2025-04-17,202.52
177.50,0.26,0.25,0.26,0.27,3518,4063,0.9926,-0.04,0.0061,-0.33,0.01,Put,2025-04-17,202.52
180.00,0.33,0.32,0.33,0.33,21137,14976,0.9433,-0.05,0.0077,-0.38,0.02,Put,2025-04-17,202.52
182.50,0.43,0.41,0.42,0.43,5600,3529,0.8992,-0.07,0.0100,-0.44,0.02,Put,2025-04-17,202.52
185.00,0.58,0.55,0.56,0.57,14000,8744,0.8606999999999999,-0.09,0.0129,-0.52,0.02,Put,2025-04-17,202.52
187.50,0.76,0.73,0.75,0.76,11801,4201,0.8209000000000001,-0.12,0.0164,-0.61,0.03,Put,2025-04-17,202.52
190.00,1.02,0.99,1.01,1.02,37239,14411,0.7839,-0.16,0.0208,-0.70,0.04,Put,2025-04-17,202.52
192.50,1.4,1.33,1.35,1.37,13264,4043,0.7453,-0.21,0.0260,-0.79,0.04,Put,2025-04-17,202.52
195.00,1.82,1.81,1.82,1.83,30458,10332,0.7077,-0.27,0.0316,-0.87,0.05,Put,2025-04-17,202.52
197.50,2.41,2.41,2.44,2.46,17407,3272,0.6676000000000001,-0.35,0.0374,-0.91,0.06,Put,2025-04-17,202.52
200.00,3.3,3.30,3.33,3.35,86978,22782,0.64,-0.45,0.0416,-0.93,0.06,Put,2025-04-17,202.52
202.50,4.25,4.15,4.23,4.30,28415,2023,0.5714,-0.56,0.0464,-0.82,0.06,Put,2025-04-17,202.52
205.00,5.52,5.35,5.43,5.50,46118,13606,0.498,-0.70,0.0470,-0.63,0.05,Put,2025-04-17,202.52
207.50,7.1,6.80,6.90,7.00,17384,2232,0.3804,-0.87,0.0376,-0.28,0.03,Put,2025-04-17,202.52
210.00,8.65,8.55,8.65,8.75,12294,14568,0.0,-1.00,0.0000,0.02,0.00,Put,2025-04-17,202.52
212.50,10.84,10.70,10.80,10.90,4842,1125,0.0,-1.00,0.0000,0.02,0.00,Put,2025-04-17,202.52
215.00,12.75,11.60,12.35,13.10,9166,16417,0.0,-1.00,0.0000,0.02,0.00,Put,2025-04-17,202.52
217.50,15.2,14.15,14.80,15.45,327,1193,0.0,-1.00,0.0000,0.02,0.00,Put,2025-04-17,202.52
220.00,17.55,16.60,17.23,17.85,1606,11090,0.0,-1.00,0.0000,0.02,0.00,Put,2025-04-17,202.52
222.50,19.95,17.70,19.00,20.30,482,1380,0.0,-1.00,0.0000,0.02,0.00,Put,2025-04-17,202.52
225.00,22.4,21.50,22.13,22.75,624,16405,0.0,-1.00,0.0000,0.03,0.00,Put,2025-04-17,202.52
227.50,23.1,22.55,23.90,25.25,38,351,0.0,-1.00,0.0000,0.03,0.00,Put,2025-04-17,202.52
230.00,27.4,25.65,27.63,29.60,303,10540,0.0,-1.00,0.0000,0.03,0.00,Put,2025-04-17,202.52
232.50,27.0,29.00,30.13,31.25,30,4,0.0,-1.00,0.0000,0.03,0.00,Put,2025-04-17,202.52
235.00,29.75,31.45,32.10,32.75,101,5178,0.0,-1.00,0.0000,0.03,0.00,Put,2025-04-17,202.52
237.50,34.4,33.80,34.60,35.40,4,0,0.0,-1.00,0.0000,0.03,0.00,Put,2025-04-17,202.52
240.00,34.1,35.50,37.13,38.75,4391,4578,0.0,-1.00,0.0000,0.03,0.00,Put,2025-04-17,202.52
242.50,31.05,38.85,39.60,40.35,1,0,0.0,-1.00,0.0000,0.03,0.00,Put,2025-04-17,202.52
245.00,40.5,41.45,42.60,43.75,3520,682,0.0,-1.00,0.0000,0.03,0.00,Put,2025-04-17,202.52
250.00,44.3,46.45,47.60,48.75,507,84,0.0,-1.00,0.0000,0.03,0.00,Put,2025-04-17,202.52
255.00,49.3,51.35,52.10,52.85,79,57,0.0,-1.00,0.0000,0.03,0.00,Put,2025-04-17,202.52
260.00,54.35,56.40,57.13,57.85,51,24,0.0,-1.00,0.0000,0.03,0.00,Put,2025-04-17,202.52
265.00,,61.35,62.10,62.85,0,3,0.0,-1.00,0.0000,0.03,0.00,Put,2025-04-17,202.52
270.00,,66.35,67.10,67.85,0,1,0.0,-1.00,0.0000,0.03,0.00,Put,2025-04-17,202.52
275.00,,71.35,72.10,72.85,0,0,0.0,-1.00,0.0000,0.03,0.00,Put,2025-04-17,202.52
280.00,75.5,76.35,77.10,77.85,4,10,0.0,-1.00,0.0000,0.03,0.00,Put,2025-04-17,202.52
285.00,79.18,81.35,82.10,82.85,2,0,0.0,-1.00,0.0000,0.03,0.00,Put,2025-04-17,202.52
290.00,84.19,86.35,87.10,87.85,1,0,0.0,-1.00,0.0000,0.03,0.00,Put,2025-04-17,202.52
295.00,,91.35,92.10,92.85,0,0,0.0,-1.00,0.0000,0.03,0.00,Put,2025-04-17,202.52
300.00,,96.35,97.10,97.85,0,0,0.0,-1.00,0.0000,0.03,0.00,Put,2025-04-17,202.52
305.00,,101.35,102.10,102.85,0,0,0.0,-1.00,0.0000,0.03,0.00,Put,2025-04-17,202.52
310.00,102.8,106.35,107.10,107.85,2,0,0.0,-1.00,0.0000,0.03,0.00,Put,2025-04-17,202.52
315.00,107.9,111.35,112.10,112.85,2,0,0.0,-1.00,0.0000,0.04,0.00,Put,2025-04-17,202.52
320.00,,116.35,117.10,117.85,0,0,0.0,-1.00,0.0000,0.04,0.00,Put,2025-04-17,202.52
325.00,,121.35,122.10,122.85,0,0,0.0,-1.00,0.0000,0.04,0.00,Put,2025-04-17,202.52
330.00,,126.35,127.10,127.85,0,0,0.0,-1.00,0.0000,0.04,0.00,Put,2025-04-17,202.52
335.00,,131.35,132.10,132.85,0,0,0.0,-1.00,0.0000,0.04,0.00,Put,2025-04-17,202.52
340.00,135.5,136.35,137.10,137.85,10,0,0.0,-1.00,0.0000,0.04,0.00,Put,2025-04-17,202.52
100.00,,102.30,103.07,103.85,0,28,2.8701999999999996,0.96,0.0010,-0.45,0.03,Call,2025-04-25,202.52
110.00,92.9,92.35,93.68,95.00,4,18,2.6966,0.94,0.0013,-0.53,0.04,Call,2025-04-25,202.52
120.00,88.0,82.40,83.18,83.95,1,66,2.2466999999999997,0.94,0.0015,-0.44,0.04,Call,2025-04-25,202.52
125.00,,77.35,78.15,78.95,0,23,2.0928999999999998,0.94,0.0017,-0.43,0.04,Call,2025-04-25,202.52
126.00,,76.35,77.15,77.95,0,0,2.064,0.94,0.0018,-0.43,0.04,Call,2025-04-25,202.52
127.00,,75.35,76.15,76.95,0,0,2.0354,0.94,0.0018,-0.43,0.04,Call,2025-04-25,202.52
128.00,,74.40,74.70,75.00,0,0,1.8921000000000001,0.95,0.0018,-0.36,0.04,Call,2025-04-25,202.52
129.00,,73.40,73.73,74.05,0,0,1.8718000000000001,0.94,0.0018,-0.36,0.04,Call,2025-04-25,202.52
130.00,,72.40,73.70,75.00,0,58,2.0741,0.93,0.0020,-0.50,0.05,Call,2025-04-25,202.52
131.00,,71.40,72.20,73.00,0,0,1.9344999999999999,0.93,0.0020,-0.43,0.04,Call,2025-04-25,202.52
132.00,,70.45,71.85,73.25,0,0,2.0472,0.92,0.0022,-0.51,0.05,Call,2025-04-25,202.52
133.00,,69.45,70.73,72.00,0,0,1.9926,0.92,0.0022,-0.50,0.05,Call,2025-04-25,202.52
134.00,71.91,68.45,68.75,69.05,4,0,1.7452,0.94,0.0021,-0.36,0.04,Call,2025-04-25,202.52
135.00,,67.45,68.73,70.00,0,77,1.9356,0.92,0.0023,-0.49,0.05,Call,2025-04-25,202.52
136.00,69.93,66.40,67.20,68.00,4,0,1.7974,0.93,0.0023,-0.42,0.05,Call,2025-04-25,202.52
137.00,,65.45,66.23,67.00,0,0,1.7759,0.93,0.0024,-0.42,0.05,Call,2025-04-25,202.52
138.00,67.91,64.45,65.25,66.05,4,0,1.7544,0.93,0.0024,-0.42,0.05,Call,2025-04-25,202.52
139.00,,63.45,64.25,65.05,0,0,1.7277,0.92,0.0025,-0.42,0.05,Call,2025-04-25,202.52
140.00,64.73,62.45,63.25,64.05,14,120,1.7011,0.92,0.0025,-0.42,0.05,Call,2025-04-25,202.52
141.00,,61.45,62.25,63.05,0,0,1.6747,0.92,0.0026,-0.42,0.05,Call,2025-04-25,202.52
142.00,63.3,60.50,61.28,62.05,6,0,1.6535,0.92,0.0027,-0.42,0.05,Call,2025-04-25,202.52
143.00,,59.50,60.80,62.10,0,0,1.7281,0.91,0.0028,-0.48,0.05,Call,2025-04-25,202.52
144.00,60.39,58.50,59.30,60.10,4,0,1.6063,0.92,0.0028,-0.42,0.05,Call,2025-04-25,202.52
145.00,61.3,57.50,58.30,59.10,22,65,1.5802,0.92,0.0029,-0.42,0.05,Call,2025-04-25,202.52
146.00,58.98,56.55,57.88,59.20,4,0,1.6603999999999999,0.90,0.0031,-0.49,0.06,Call,2025-04-25,202.52
147.00,57.61,55.55,56.83,58.10,5,0,1.6247999999999998,0.90,0.0032,-0.48,0.06,Call,2025-04-25,202.52
148.00,56.65,54.55,55.33,56.10,4,0,1.5078,0.91,0.0032,-0.41,0.05,Call,2025-04-25,202.52
149.00,55.6,53.55,54.35,55.15,4,3,1.4869999999999999,0.91,0.0033,-0.42,0.05,Call,2025-04-25,202.52
150.00,54.65,52.55,53.35,54.15,9,86,1.4615,0.91,0.0034,-0.41,0.05,Call,2025-04-25,202.52
152.50,,50.10,51.40,52.70,0,0,1.492,0.89,0.0037,-0.47,0.06,Call,2025-04-25,202.52
155.00,,47.65,48.45,49.25,0,223,1.3530000000000002,0.90,0.0039,-0.41,0.06,Call,2025-04-25,202.52
157.50,46.95,45.15,45.97,46.80,1,0,1.2947,0.89,0.0043,-0.41,0.06,Call,2025-04-25,202.52
160.00,46.37,42.80,43.58,44.35,8,145,1.2486,0.89,0.0046,-0.41,0.06,Call,2025-04-25,202.52
162.50,,39.30,40.60,41.90,0,0,1.1116,0.89,0.0049,-0.35,0.06,Call,2025-04-25,202.52
165.00,40.2,37.90,38.20,38.50,4,8989,1.0682,0.89,0.0054,-0.36,0.06,Call,2025-04-25,202.52
167.50,37.75,35.50,35.80,36.10,4,490,1.0238,0.88,0.0059,-0.36,0.07,Call,2025-04-25,202.52
170.00,33.34,33.05,33.38,33.70,62,409,0.9749,0.87,0.0066,-0.36,0.07,Call,2025-04-25,202.52
172.50,33.3,30.75,32.00,33.25,14,393,1.0583,0.83,0.0071,-0.46,0.08,Call,2025-04-25,202.52
175.00,30.1,28.35,29.15,29.95,4,559,0.9523,0.83,0.0079,-0.41,0.08,Call,2025-04-25,202.52
177.50,29.25,26.00,26.33,26.65,103,613,0.8509,0.83,0.0089,-0.37,0.08,Call,2025-04-25,202.52
180.00,26.75,23.75,24.50,25.25,347,993,0.8637999999999999,0.80,0.0097,-0.42,0.09,Call,2025-04-25,202.52
182.50,24.63,21.50,21.75,22.00,89,907,0.7720999999999999,0.80,0.0111,-0.38,0.09,Call,2025-04-25,202.52
185.00,19.76,19.30,19.58,19.85,266,628,0.7399,0.77,0.0123,-0.39,0.10,Call,2025-04-25,202.52
187.50,17.9,17.15,17.45,17.75,179,755,0.7081999999999999,0.74,0.0137,-0.39,0.11,Call,2025-04-25,202.52
190.00,15.35,15.45,15.55,15.65,1170,3564,0.6917,0.71,0.0149,-0.41,0.11,Call,2025-04-25,202.52
192.50,13.96,13.50,13.58,13.65,777,1249,0.6622,0.68,0.0163,-0.41,0.12,Call,2025-04-25,202.52
195.00,11.6,11.60,11.70,11.80,1451,2289,0.6346,0.64,0.0178,-0.41,0.12,Call,2025-04-25,202.52
197.50,9.85,9.85,9.93,10.00,1127,1310,0.6077,0.59,0.0192,-0.40,0.13,Call,2025-04-25,202.52
200.00,8.2,8.20,8.27,8.35,5430,10690,0.5824,0.54,0.0205,-0.40,0.13,Call,2025-04-25,202.52
202.50,6.7,6.70,6.80,6.90,2648,1290,0.5611999999999999,0.49,0.0214,-0.38,0.13,Call,2025-04-25,202.52
205.00,5.3,5.35,5.45,5.55,11721,3524,0.5394,0.43,0.0219,-0.36,0.13,Call,2025-04-25,202.52
207.50,4.18,4.20,4.28,4.35,4603,1675,0.5199,0.37,0.0219,-0.34,0.13,Call,2025-04-25,202.52
210.00,3.25,3.20,3.28,3.35,25542,43570,0.5025,0.32,0.0213,-0.30,0.12,Call,2025-04-25,202.52
212.50,2.4,2.39,2.43,2.46,5740,946,0.4849,0.26,0.0201,-0.27,0.11,Call,2025-04-25,202.52
215.00,1.71,1.76,1.79,1.81,16729,6595,0.47350000000000003,0.21,0.0182,-0.23,0.10,Call,2025-04-25,202.52
217.50,1.25,1.25,1.27,1.29,4131,1311,0.4618,0.16,0.0160,-0.19,0.08,Call,2025-04-25,202.52
220.00,0.88,0.88,0.90,0.92,25525,44060,0.4545,0.12,0.0135,-0.16,0.07,Call,2025-04-25,202.52
222.50,0.62,0.62,0.64,0.66,2823,0,0.4509,0.09,0.0112,-0.13,0.06,Call,2025-04-25,202.52
225.00,0.45,0.45,0.46,0.46,7755,10994,0.4495,0.07,0.0090,-0.10,0.04,Call,2025-04-25,202.52
227.50,0.33,0.32,0.33,0.34,2470,0,0.4515,0.05,0.0072,-0.08,0.04,Call,2025-04-25,202.52
230.00,0.24,0.23,0.24,0.25,6254,6385,0.45439999999999997,0.04,0.0057,-0.07,0.03,Call,2025-04-25,202.52
235.00,0.15,0.13,0.14,0.15,3241,4736,0.4685,0.02,0.0037,-0.05,0.02,Call,2025-04-25,202.52
240.00,0.1,0.10,0.11,0.11,1835,8737,0.499,0.02,0.0027,-0.04,0.01,Call,2025-04-25,202.52
245.00,0.06,0.06,0.07,0.07,849,3586,0.5138,0.01,0.0017,-0.03,0.01,Call,2025-04-25,202.52
250.00,0.05,0.04,0.05,0.06,2859,3841,0.5412,0.01,0.0013,-0.02,0.01,Call,2025-04-25,202.52
255.00,0.05,0.03,0.04,0.04,441,1567,0.5605,0.01,0.0009,-0.02,0.01,Call,2025-04-25,202.52
260.00,0.03,0.02,0.03,0.03,841,1319,0.5794,0.00,0.0007,-0.01,0.00,Call,2025-04-25,202.52
265.00,0.03,0.02,0.03,0.03,88,263,0.6173,0.00,0.0006,-0.01,0.00,Call,2025-04-25,202.52
270.00,0.02,0.01,0.02,0.03,157,291,0.6399,0.00,0.0005,-0.01,0.00,Call,2025-04-25,202.52
275.00,0.02,0.01,0.02,0.02,164,191,0.6572,0.00,0.0003,-0.01,0.00,Call,2025-04-25,202.52
280.00,0.01,0.00,0.01,0.02,312,168,0.6665000000000001,0.00,0.0002,-0.01,0.00,Call,2025-04-25,202.52
285.00,0.02,0.00,0.01,0.02,2,30,0.6984,0.00,0.0002,-0.01,0.00,Call,2025-04-25,202.52
290.00,0.01,0.00,0.01,0.02,6,20,0.7297,0.00,0.0002,-0.01,0.00,Call,2025-04-25,202.52
295.00,0.01,0.00,0.01,0.01,54,3240,0.7190000000000001,0.00,0.0001,0.00,0.00,Call,2025-04-25,202.52
300.00,0.01,0.00,0.01,0.01,890,260,0.7476,0.00,0.0001,0.00,0.00,Call,2025-04-25,202.52
305.00,,0.00,0.01,0.01,0,36,0.7756000000000001,0.00,0.0001,0.00,0.00,Call,2025-04-25,202.52
310.00,,0.00,0.01,0.01,0,0,0.8031,0.00,0.0001,0.00,0.00,Call,2025-04-25,202.52
315.00,,0.00,0.01,0.01,0,0,0.8301000000000001,0.00,0.0001,0.00,0.00,Call,2025-04-25,202.52
320.00,,0.00,0.01,0.01,0,0,0.8565,0.00,0.0001,0.00,0.00,Call,2025-04-25,202.52
325.00,0.01,0.00,0.01,0.01,1,208,0.8825,0.00,0.0001,0.00,0.00,Call,2025-04-25,202.52
330.00,,0.00,0.01,0.01,0,523,0.9079,0.00,0.0001,0.00,0.00,Call,2025-04-25,202.52
100.00,0.02,0.00,0.01,0.02,2652,1501,1.3803999999999998,0.00,0.0001,-0.01,0.00,Put,2025-04-25,202.52
110.00,0.02,0.02,0.03,0.03,1016,1333,1.3059,0.00,0.0001,-0.01,0.00,Put,2025-04-25,202.52
120.00,0.04,0.03,0.04,0.05,884,1124,1.1852,0.00,0.0002,-0.02,0.00,Put,2025-04-25,202.52
125.00,0.04,0.04,0.06,0.07,351,966,1.1377,0.00,0.0003,-0.02,0.00,Put,2025-04-25,202.52
126.00,0.05,0.00,0.04,0.07,746,0,1.0665,0.00,0.0003,-0.02,0.00,Put,2025-04-25,202.52
127.00,,0.05,0.06,0.07,0,0,1.1139000000000001,0.00,0.0004,-0.03,0.00,Put,2025-04-25,202.52
128.00,0.1,0.06,0.07,0.08,15,0,1.1165,-0.01,0.0004,-0.03,0.01,Put,2025-04-25,202.52
129.00,,0.06,0.07,0.08,0,0,1.099,-0.01,0.0004,-0.03,0.01,Put,2025-04-25,202.52
130.00,0.08,0.05,0.07,0.08,570,2305,1.0722,-0.01,0.0004,-0.03,0.01,Put,2025-04-25,202.52
131.00,0.09,0.07,0.08,0.09,35,0,1.0817,-0.01,0.0005,-0.03,0.01,Put,2025-04-25,202.52
132.00,,0.07,0.08,0.09,0,0,1.0643,-0.01,0.0005,-0.03,0.01,Put,2025-04-25,202.52
133.00,0.08,0.08,0.09,0.10,7,0,1.0624,-0.01,0.0006,-0.04,0.01,Put,2025-04-25,202.52
134.00,0.11,0.08,0.09,0.10,2,0,1.045,-0.01,0.0006,-0.04,0.01,Put,2025-04-25,202.52
135.00,0.07,0.09,0.10,0.11,4490,679,1.0417,-0.01,0.0006,-0.04,0.01,Put,2025-04-25,202.52
136.00,0.09,0.10,0.11,0.11,4,0,1.0308,-0.01,0.0007,-0.04,0.01,Put,2025-04-25,202.52
137.00,0.14,0.10,0.11,0.12,1,0,1.0197,-0.01,0.0007,-0.04,0.01,Put,2025-04-25,202.52
138.00,0.1,0.00,0.07,0.13,752,0,0.9383,-0.01,0.0006,-0.03,0.01,Put,2025-04-25,202.52
139.00,0.13,0.11,0.13,0.15,20,0,1.0076,-0.01,0.0008,-0.05,0.01,Put,2025-04-25,202.52
140.00,0.12,0.12,0.13,0.13,1260,1752,0.9849,-0.01,0.0009,-0.05,0.01,Put,2025-04-25,202.52
141.00,,0.00,0.08,0.15,0,0,0.9056000000000001,-0.01,0.0007,-0.03,0.01,Put,2025-04-25,202.52
142.00,0.14,0.14,0.15,0.16,5,0,0.975,-0.01,0.0010,-0.05,0.01,Put,2025-04-25,202.52
143.00,0.15,0.14,0.15,0.16,27,0,0.9576,-0.01,0.0010,-0.05,0.01,Put,2025-04-25,202.52
144.00,0.12,0.15,0.16,0.18,35,0,0.9533,-0.01,0.0011,-0.06,0.01,Put,2025-04-25,202.52
145.00,0.15,0.16,0.17,0.18,459,1462,0.9401,-0.01,0.0012,-0.06,0.01,Put,2025-04-25,202.52
146.00,0.2,0.17,0.19,0.20,10,0,0.9344,-0.02,0.0013,-0.06,0.01,Put,2025-04-25,202.52
147.00,0.22,0.18,0.20,0.22,33,0,0.9278,-0.02,0.0014,-0.06,0.01,Put,2025-04-25,202.52
148.00,0.24,0.19,0.21,0.23,18,0,0.9172,-0.02,0.0015,-0.07,0.01,Put,2025-04-25,202.52
149.00,0.22,0.20,0.22,0.24,333,154,0.9063,-0.02,0.0015,-0.07,0.02,Put,2025-04-25,202.52
150.00,0.17,0.22,0.23,0.24,1149,2691,0.895,-0.02,0.0016,-0.07,0.02,Put,2025-04-25,202.52
152.50,0.23,0.25,0.26,0.27,45,0,0.8686,-0.02,0.0019,-0.08,0.02,Put,2025-04-25,202.52
155.00,0.28,0.28,0.30,0.31,1080,2126,0.8426,-0.03,0.0022,-0.08,0.02,Put,2025-04-25,202.52
157.50,0.3,0.33,0.35,0.36,48,0,0.821,-0.03,0.0026,-0.09,0.02,Put,2025-04-25,202.52
160.00,0.38,0.38,0.39,0.40,4063,3245,0.7943000000000001,-0.04,0.0030,-0.10,0.03,Put,2025-04-25,202.52
162.50,0.44,0.24,0.35,0.46,87,0,0.7341,-0.03,0.0031,-0.09,0.03,Put,2025-04-25,202.52
165.00,0.51,0.50,0.51,0.52,725,9950,0.7437999999999999,-0.05,0.0040,-0.12,0.03,Put,2025-04-25,202.52
167.50,0.58,0.57,0.58,0.59,1279,1036,0.7173,-0.05,0.0046,-0.13,0.04,Put,2025-04-25,202.52
170.00,0.69,0.67,0.68,0.69,3654,5110,0.6953,-0.06,0.0054,-0.14,0.04,Put,2025-04-25,202.52
172.50,0.78,0.78,0.79,0.80,564,1784,0.6717,-0.08,0.0064,-0.16,0.05,Put,2025-04-25,202.52
175.00,0.93,0.91,0.93,0.94,1682,3678,0.649,-0.09,0.0074,-0.17,0.05,Put,2025-04-25,202.52
177.50,1.08,1.07,1.09,1.10,657,2293,0.6263000000000001,-0.10,0.0087,-0.19,0.06,Put,2025-04-25,202.52
180.00,1.31,1.27,1.29,1.30,3414,9510,0.6051,-0.12,0.0101,-0.20,0.07,Put,2025-04-25,202.52
182.50,1.54,1.52,1.54,1.55,1236,895,0.5853,-0.15,0.0118,-0.22,0.08,Put,2025-04-25,202.52
185.00,1.86,1.81,1.83,1.85,2472,3723,0.565,-0.17,0.0136,-0.24,0.09,Put,2025-04-25,202.52
187.50,2.21,2.17,2.20,2.22,1168,960,0.5458,-0.21,0.0157,-0.25,0.09,Put,2025-04-25,202.52
190.00,2.68,2.62,2.64,2.65,5998,5208,0.527,-0.24,0.0179,-0.27,0.10,Put,2025-04-25,202.52
192.50,3.1,3.10,3.18,3.25,2492,1286,0.5092,-0.29,0.0201,-0.28,0.11,Put,2025-04-25,202.52
195.00,3.8,3.80,3.85,3.90,6314,2770,0.494,-0.34,0.0222,-0.29,0.12,Put,2025-04-25,202.52
197.50,4.56,4.45,4.53,4.60,2002,489,0.4692,-0.39,0.0246,-0.29,0.13,Put,2025-04-25,202.52
200.00,5.45,5.35,5.40,5.45,9687,8949,0.44939999999999997,-0.46,0.0265,-0.29,0.13,Put,2025-04-25,202.52
202.50,6.45,6.30,6.38,6.45,3282,393,0.4253,-0.52,0.0282,-0.27,0.13,Put,2025-04-25,202.52
205.00,7.55,7.45,7.53,7.60,19338,952,0.4008,-0.60,0.0290,-0.24,0.13,Put,2025-04-25,202.52
207.50,8.95,8.80,8.88,8.95,2471,225,0.3759,-0.68,0.0286,-0.21,0.12,Put,2025-04-25,202.52
210.00,10.4,10.25,10.35,10.45,2192,1996,0.34130000000000005,-0.77,0.0268,-0.15,0.10,Put,2025-04-25,202.52
212.50,12.2,11.25,11.70,12.15,699,202,0.2446,-0.91,0.0200,-0.04,0.05,Put,2025-04-25,202.52
215.00,13.0,13.75,13.90,14.05,561,1037,0.1889,-0.98,0.0067,0.01,0.01,Put,2025-04-25,202.52
217.50,15.87,14.75,15.48,16.20,433,43,0.0,-1.00,0.0000,0.02,0.00,Put,2025-04-25,202.52
220.00,16.81,17.95,18.17,18.40,738,1802,0.0,-1.00,0.0000,0.02,0.00,Put,2025-04-25,202.52
222.50,20.5,20.10,20.43,20.75,93,0,0.0,-1.00,0.0000,0.02,0.00,Put,2025-04-25,202.52
225.00,19.2,22.40,22.75,23.10,68,792,0.0,-1.00,0.0000,0.03,0.00,Put,2025-04-25,202.52
227.50,22.83,24.90,25.20,25.50,8,0,0.0,-1.00,0.0000,0.03,0.00,Put,2025-04-25,202.52
230.00,27.47,27.35,27.65,27.95,10,2078,0.0,-1.00,0.0000,0.03,0.00,Put,2025-04-25,202.52
235.00,29.23,32.30,32.60,32.90,3,70,0.0,-1.00,0.0000,0.03,0.00,Put,2025-04-25,202.52
240.00,34.15,37.25,37.60,37.95,3,1,0.0,-1.00,0.0000,0.03,0.00,Put,2025-04-25,202.52
245.00,,42.25,42.60,42.95,0,1,0.0,-1.00,0.0000,0.03,0.00,Put,2025-04-25,202.52
250.00,,45.05,46.50,47.95,0,2,0.0,-1.00,0.0000,0.03,0.00,Put,2025-04-25,202.52
255.00,,52.25,52.58,52.90,0,0,0.0,-1.00,0.0000,0.03,0.00,Put,2025-04-25,202.52
260.00,,57.25,57.60,57.95,0,0,0.0,-1.00,0.0000,0.03,0.00,Put,2025-04-25,202.52
265.00,,62.25,62.60,62.95,0,1,0.0,-1.00,0.0000,0.03,0.00,Put,2025-04-25,202.52
270.00,,67.25,67.60,67.95,0,0,0.0,-1.00,0.0000,0.03,0.00,Put,2025-04-25,202.52
275.00,,72.25,72.58,72.90,0,0,0.0,-1.00,0.0000,0.03,0.00,Put,2025-04-25,202.52
280.00,,77.25,77.58,77.90,0,0,0.0,-1.00,0.0000,0.03,0.00,Put,2025-04-25,202.52
285.00,,82.25,82.58,82.90,0,0,0.0,-1.00,0.0000,0.03,0.00,Put,2025-04-25,202.52
290.00,,87.25,87.58,87.90,0,0,0.0,-1.00,0.0000,0.03,0.00,Put,2025-04-25,202.52
295.00,,92.25,92.58,92.90,0,0,0.0,-1.00,0.0000,0.03,0.00,Put,2025-04-25,202.52
300.00,,97.25,97.58,97.90,0,0,0.0,-1.00,0.0000,0.03,0.00,Put,2025-04-25,202.52
305.00,,102.25,102.58,102.90,0,0,0.0,-1.00,0.0000,0.03,0.00,Put,2025-04-25,202.52
310.00,,106.30,107.10,107.90,0,0,0.0,-1.00,0.0000,0.03,0.00,Put,2025-04-25,202.52
315.00,,112.25,112.58,112.90,0,0,0.0,-1.00,0.0000,0.04,0.00,Put,2025-04-25,202.52
320.00,,117.25,117.60,117.95,0,0,0.0,-1.00,0.0000,0.04,0.00,Put,2025-04-25,202.52
325.00,,121.30,122.10,122.90,0,0,0.0,-1.00,0.0000,0.04,0.00,Put,2025-04-25,202.52
330.00,,126.30,127.10,127.90,0,0,0.0,-1.00,0.0000,0.04,0.00,Put,2025-04-25,202.52
100.00,,102.40,103.60,104.80,0,0,2.3137,0.95,0.0010,-0.31,0.04,Call,2025-05-02,202.52
110.00,,92.45,92.78,93.10,0,6,1.8563,0.96,0.0012,-0.23,0.04,Call,2025-05-02,202.52
120.00,,82.50,82.85,83.20,0,6,1.6413,0.95,0.0015,-0.23,0.05,Call,2025-05-02,202.52
125.00,,77.55,77.90,78.25,0,2,1.5418,0.94,0.0017,-0.23,0.05,Call,2025-05-02,202.52
130.00,,72.60,72.95,73.30,0,39,1.4450999999999998,0.94,0.0019,-0.23,0.05,Call,2025-05-02,202.52
135.00,,67.70,68.03,68.35,0,13,1.3554,0.93,0.0022,-0.23,0.06,Call,2025-05-02,202.52
140.00,66.15,62.80,63.13,63.45,1,53,1.2715,0.93,0.0025,-0.24,0.06,Call,2025-05-02,202.52
145.00,,57.90,58.25,58.60,0,34,1.1921,0.92,0.0029,-0.24,0.06,Call,2025-05-02,202.52
150.00,55.8,52.00,53.35,54.70,2,76,1.109,0.91,0.0033,-0.24,0.07,Call,2025-05-02,202.52
155.00,50.5,48.20,48.55,48.90,2,216,1.0395999999999999,0.90,0.0039,-0.25,0.08,Call,2025-05-02,202.52
160.00,43.68,43.40,43.75,44.10,53,198,0.9681000000000001,0.89,0.0046,-0.25,0.08,Call,2025-05-02,202.52
165.00,41.77,38.65,39.03,39.40,24,79,0.9026000000000001,0.87,0.0055,-0.26,0.09,Call,2025-05-02,202.52
170.00,36.25,34.00,34.35,34.70,9,600,0.8384,0.85,0.0065,-0.27,0.10,Call,2025-05-02,202.52
172.50,,31.80,32.05,32.30,0,0,0.8079999999999999,0.83,0.0071,-0.27,0.11,Call,2025-05-02,202.52
175.00,32.55,29.60,29.90,30.20,47,330,0.7893000000000001,0.82,0.0077,-0.28,0.11,Call,2025-05-02,202.52
177.50,,27.30,27.58,27.85,0,0,0.7533,0.80,0.0085,-0.28,0.12,Call,2025-05-02,202.52
180.00,25.4,25.20,25.48,25.75,68,960,0.7338,0.78,0.0092,-0.29,0.13,Call,2025-05-02,202.52
182.50,25.8,23.05,23.35,23.65,11,0,0.7093,0.76,0.0100,-0.29,0.13,Call,2025-05-02,202.52
185.00,21.37,20.60,21.45,22.30,156,568,0.6981,0.74,0.0108,-0.30,0.14,Call,2025-05-02,202.52
187.50,19.37,19.25,19.38,19.50,72,0,0.6709999999999999,0.71,0.0117,-0.31,0.15,Call,2025-05-02,202.52
190.00,17.65,16.55,17.48,18.40,447,1765,0.652,0.68,0.0126,-0.31,0.15,Call,2025-05-02,202.52
192.50,17.85,15.50,15.60,15.70,88,0,0.6308,0.65,0.0135,-0.31,0.16,Call,2025-05-02,202.52
195.00,13.8,13.75,13.85,13.95,365,4126,0.6131,0.62,0.0143,-0.31,0.17,Call,2025-05-02,202.52
197.50,12.1,11.95,12.02,12.10,74,0,0.5861999999999999,0.58,0.0153,-0.30,0.17,Call,2025-05-02,202.52
200.00,10.51,10.50,10.60,10.70,1598,3659,0.578,0.54,0.0158,-0.30,0.17,Call,2025-05-02,202.52
202.50,9.1,8.20,8.90,9.60,520,0,0.5483,0.50,0.0168,-0.29,0.17,Call,2025-05-02,202.52
205.00,7.75,7.60,7.78,7.95,5720,3002,0.546,0.46,0.0168,-0.29,0.17,Call,2025-05-02,202.52
207.50,6.5,6.40,6.98,7.55,1128,0,0.5569,0.42,0.0162,-0.29,0.17,Call,2025-05-02,202.52
210.00,5.35,5.30,5.43,5.55,2945,3293,0.5171,0.37,0.0169,-0.26,0.16,Call,2025-05-02,202.52
212.50,4.45,4.35,4.90,5.45,491,0,0.5332,0.34,0.0158,-0.26,0.16,Call,2025-05-02,202.52
215.00,3.53,3.50,3.68,3.85,4134,18429,0.49810000000000004,0.29,0.0158,-0.22,0.15,Call,2025-05-02,202.52
217.50,2.78,2.41,2.83,3.25,458,0,0.4793,0.24,0.0150,-0.20,0.14,Call,2025-05-02,202.52
220.00,2.23,2.20,2.34,2.47,5990,4759,0.4788,0.21,0.0138,-0.18,0.12,Call,2025-05-02,202.52
225.00,1.37,1.25,1.38,1.50,2280,5013,0.4594,0.14,0.0112,-0.13,0.10,Call,2025-05-02,202.52
230.00,0.82,0.80,0.92,1.04,2801,3007,0.46509999999999996,0.10,0.0087,-0.11,0.08,Call,2025-05-02,202.52
235.00,0.52,0.39,0.52,0.65,1227,2766,0.4548,0.06,0.0063,-0.07,0.05,Call,2025-05-02,202.52
240.00,0.32,0.30,0.32,0.34,2119,3322,0.4569,0.04,0.0045,-0.05,0.04,Call,2025-05-02,202.52
245.00,0.2,0.20,0.22,0.23,504,2279,0.4667,0.03,0.0032,-0.04,0.03,Call,2025-05-02,202.52
250.00,0.16,0.14,0.15,0.16,1501,4296,0.4788,0.02,0.0024,-0.03,0.02,Call,2025-05-02,202.52
255.00,0.1,0.10,0.11,0.11,237,487,0.4902,0.01,0.0017,-0.02,0.02,Call,2025-05-02,202.52
260.00,0.1,0.07,0.09,0.10,198,2052,0.51,0.01,0.0014,-0.02,0.01,Call,2025-05-02,202.52
265.00,0.1,0.05,0.07,0.08,56,211,0.5249,0.01,0.0011,-0.02,0.01,Call,2025-05-02,202.52
270.00,0.07,0.04,0.06,0.07,48,382,0.5449,0.01,0.0009,-0.01,0.01,Call,2025-05-02,202.52
275.00,0.06,0.03,0.05,0.06,52,49,0.5617,0.01,0.0007,-0.01,0.01,Call,2025-05-02,202.52
280.00,0.05,0.02,0.04,0.05,238,103,0.5744,0.00,0.0005,-0.01,0.01,Call,2025-05-02,202.52
285.00,0.09,0.01,0.03,0.05,1,23,0.5921,0.00,0.0005,-0.01,0.01,Call,2025-05-02,202.52
290.00,,0.02,0.03,0.04,0,409,0.6181,0.00,0.0004,-0.01,0.00,Call,2025-05-02,202.52
295.00,0.05,0.01,0.03,0.04,21,878,0.6322,0.00,0.0003,-0.01,0.00,Call,2025-05-02,202.52
300.00,0.04,0.01,0.02,0.03,6,4,0.6431999999999999,0.00,0.0003,-0.01,0.00,Call,2025-05-02,202.52
305.00,,0.00,0.02,0.03,0,7,0.6498,0.00,0.0002,-0.01,0.00,Call,2025-05-02,202.52
310.00,,0.00,0.12,0.23,0,0,0.8284,0.01,0.0007,-0.03,0.01,Call,2025-05-02,202.52
315.00,,0.00,0.02,0.03,0,0,0.6948000000000001,0.00,0.0002,-0.01,0.00,Call,2025-05-02,202.52
320.00,0.02,0.00,0.02,0.03,1,3,0.7165,0.00,0.0002,-0.01,0.00,Call,2025-05-02,202.52
325.00,0.04,0.00,0.02,0.03,7,15,0.738,0.00,0.0002,-0.01,0.00,Call,2025-05-02,202.52
100.00,0.04,0.04,0.06,0.08,40,0,1.2575,0.00,0.0002,-0.02,0.00,Put,2025-05-02,202.52
110.00,0.08,0.08,0.09,0.10,173,797,1.1502,-0.01,0.0003,-0.02,0.01,Put,2025-05-02,202.52
120.00,0.15,0.14,0.15,0.16,105,493,1.0648,-0.01,0.0005,-0.03,0.01,Put,2025-05-02,202.52
125.00,0.19,0.18,0.20,0.21,135,1268,1.0254,-0.01,0.0007,-0.04,0.01,Put,2025-05-02,202.52
130.00,0.21,0.23,0.25,0.26,143,793,0.9823999999999999,-0.02,0.0009,-0.05,0.02,Put,2025-05-02,202.52
135.00,0.29,0.29,0.31,0.32,67,1367,0.9390000000000001,-0.02,0.0011,-0.06,0.02,Put,2025-05-02,202.52
140.00,0.38,0.37,0.39,0.40,130,838,0.8986,-0.02,0.0015,-0.07,0.02,Put,2025-05-02,202.52
145.00,0.39,0.06,0.28,0.49,441,661,0.7781,-0.02,0.0015,-0.05,0.02,Put,2025-05-02,202.52
150.00,0.58,0.57,0.59,0.61,337,1579,0.8133,-0.04,0.0024,-0.09,0.04,Put,2025-05-02,202.52
155.00,0.64,0.72,0.74,0.75,267,3451,0.7720999999999999,-0.05,0.0031,-0.10,0.04,Put,2025-05-02,202.52
160.00,0.92,0.90,0.92,0.94,405,2629,0.7317,-0.06,0.0039,-0.11,0.05,Put,2025-05-02,202.52
165.00,1.06,1.15,1.17,1.19,379,887,0.6940000000000001,-0.08,0.0050,-0.13,0.06,Put,2025-05-02,202.52
170.00,1.48,1.46,1.49,1.52,848,2028,0.6564,-0.10,0.0063,-0.15,0.08,Put,2025-05-02,202.52
172.50,1.52,1.29,1.52,1.75,15,0,0.6181,-0.11,0.0070,-0.15,0.08,Put,2025-05-02,202.52
175.00,1.93,1.73,1.85,1.97,472,4699,0.6132,-0.13,0.0080,-0.16,0.09,Put,2025-05-02,202.52
177.50,2.25,2.19,2.22,2.26,198,0,0.6073,-0.15,0.0090,-0.18,0.10,Put,2025-05-02,202.52
180.00,2.54,2.52,2.55,2.58,1027,5162,0.5917,-0.17,0.0100,-0.19,0.11,Put,2025-05-02,202.52
182.50,2.91,2.87,2.92,2.96,162,0,0.5755,-0.20,0.0111,-0.20,0.12,Put,2025-05-02,202.52
185.00,3.1,3.30,3.35,3.40,894,1911,0.5609000000000001,-0.22,0.0123,-0.21,0.13,Put,2025-05-02,202.52
187.50,3.9,3.80,3.85,3.90,178,0,0.5465,-0.25,0.0135,-0.22,0.14,Put,2025-05-02,202.52
190.00,4.45,3.65,4.08,4.50,1431,2592,0.5086999999999999,-0.28,0.0153,-0.21,0.15,Put,2025-05-02,202.52
192.50,4.88,5.00,5.08,5.15,332,0,0.5182,-0.32,0.0160,-0.23,0.16,Put,2025-05-02,202.52
195.00,5.75,5.75,5.88,6.00,1052,1827,0.5079,-0.37,0.0171,-0.23,0.16,Put,2025-05-02,202.52
197.50,6.6,6.55,6.63,6.70,662,0,0.4886,-0.41,0.0183,-0.23,0.17,Put,2025-05-02,202.52
200.00,7.6,6.55,7.13,7.70,3769,1682,0.449,-0.45,0.0204,-0.22,0.17,Put,2025-05-02,202.52
202.50,8.63,8.50,8.58,8.65,525,0,0.45799999999999996,-0.51,0.0201,-0.22,0.17,Put,2025-05-02,202.52
205.00,9.8,9.30,9.93,10.55,1732,1060,0.45380000000000004,-0.56,0.0201,-0.22,0.17,Put,2025-05-02,202.52
207.50,10.95,9.05,11.23,13.40,972,0,0.43939999999999996,-0.61,0.0202,-0.20,0.17,Put,2025-05-02,202.52
210.00,12.3,10.00,11.63,13.25,690,1219,0.35840000000000005,-0.70,0.0225,-0.14,0.15,Put,2025-05-02,202.52
212.50,11.3,13.80,13.90,14.00,167,0,0.3875,-0.73,0.0197,-0.15,0.14,Put,2025-05-02,202.52
215.00,14.5,13.00,14.58,16.15,237,1116,0.2788,-0.86,0.0187,-0.06,0.10,Put,2025-05-02,202.52
217.50,15.83,15.00,16.63,18.25,134,0,0.2556,-0.92,0.0139,-0.03,0.07,Put,2025-05-02,202.52
220.00,19.27,17.00,18.83,20.65,892,753,0.2211,-0.97,0.0076,0.00,0.03,Put,2025-05-02,202.52
225.00,20.78,23.20,23.48,23.75,143,477,0.0,-1.00,0.0000,0.03,0.00,Put,2025-05-02,202.52
230.00,25.45,25.65,27.60,29.55,56,181,0.0,-1.00,0.0000,0.03,0.00,Put,2025-05-02,202.52
235.00,27.05,32.40,32.78,33.15,2,286,0.0,-1.00,0.0000,0.03,0.00,Put,2025-05-02,202.52
240.00,30.78,37.25,37.63,38.00,21,73,0.0,-1.00,0.0000,0.03,0.00,Put,2025-05-02,202.52
245.00,32.74,40.00,41.48,42.95,1,0,0.0,-1.00,0.0000,0.03,0.00,Put,2025-05-02,202.52
250.00,47.51,45.35,46.65,47.95,1,1,0.0,-1.00,0.0000,0.03,0.00,Put,2025-05-02,202.52
255.00,,50.00,51.48,52.95,0,0,0.0,-1.00,0.0000,0.03,0.00,Put,2025-05-02,202.52
260.00,,55.10,56.53,57.95,0,0,0.0,-1.00,0.0000,0.03,0.00,Put,2025-05-02,202.52
265.00,,60.00,61.48,62.95,0,0,0.0,-1.00,0.0000,0.03,0.00,Put,2025-05-02,202.52
270.00,,65.00,66.48,67.95,0,1,0.0,-1.00,0.0000,0.03,0.00,Put,2025-05-02,202.52
275.00,,70.10,71.53,72.95,0,0,0.0,-1.00,0.0000,0.03,0.00,Put,2025-05-02,202.52
280.00,,75.10,76.53,77.95,0,0,0.0,-1.00,0.0000,0.03,0.00,Put,2025-05-02,202.52
285.00,,80.10,81.53,82.95,0,0,0.0,-1.00,0.0000,0.03,0.00,Put,2025-05-02,202.52
290.00,,85.00,86.48,87.95,0,0,0.0,-1.00,0.0000,0.03,0.00,Put,2025-05-02,202.52
295.00,,90.20,91.58,92.95,0,0,0.0,-1.00,0.0000,0.03,0.00,Put,2025-05-02,202.52
300.00,,95.10,96.53,97.95,0,0,0.0,-1.00,0.0000,0.03,0.00,Put,2025-05-02,202.52
305.00,,100.00,101.48,102.95,0,0,0.0,-1.00,0.0000,0.03,0.00,Put,2025-05-02,202.52
310.00,,105.00,106.48,107.95,0,0,0.0,-1.00,0.0000,0.03,0.00,Put,2025-05-02,202.52
315.00,,110.00,111.48,112.95,0,0,0.0,-1.00,0.0000,0.04,0.00,Put,2025-05-02,202.52
320.00,,115.00,116.48,117.95,0,0,0.0,-1.00,0.0000,0.04,0.00,Put,2025-05-02,202.52
325.00,,120.15,121.55,122.95,0,0,0.0,-1.00,0.0000,0.04,0.00,Put,2025-05-02,202.52
110.00,96.3,92.55,93.43,94.30,18,0,1.6772,0.95,0.0012,-0.20,0.06,Call,2025-05-09,202.52
120.00,,82.70,83.55,84.40,0,5,1.4907,0.94,0.0016,-0.21,0.06,Call,2025-05-09,202.52
125.00,,77.75,79.10,80.45,0,3,1.4727000000000001,0.93,0.0018,-0.23,0.07,Call,2025-05-09,202.52
130.00,,72.90,74.20,75.50,0,34,1.3874000000000002,0.92,0.0021,-0.23,0.08,Call,2025-05-09,202.52
135.00,,67.95,69.33,70.70,0,22,1.3071000000000002,0.91,0.0023,-0.23,0.08,Call,2025-05-09,202.52
140.00,,63.05,63.90,64.75,0,139,1.1622,0.91,0.0026,-0.21,0.08,Call,2025-05-09,202.52
145.00,,58.20,59.05,59.90,0,33,1.0913,0.91,0.0030,-0.21,0.09,Call,2025-05-09,202.52
150.00,55.75,53.35,54.20,55.05,21,62,1.0205,0.90,0.0034,-0.21,0.09,Call,2025-05-09,202.52
155.00,49.03,48.55,49.40,50.25,22,61,0.9545999999999999,0.88,0.0040,-0.22,0.10,Call,2025-05-09,202.52
160.00,44.27,43.35,45.08,46.80,37,57,0.9303,0.86,0.0046,-0.24,0.11,Call,2025-05-09,202.52
165.00,39.55,38.45,39.55,40.65,28,137,0.7984,0.86,0.0054,-0.21,0.12,Call,2025-05-09,202.52
170.00,37.85,33.90,34.97,36.05,23,355,0.7486,0.84,0.0064,-0.21,0.13,Call,2025-05-09,202.52
175.00,30.85,29.25,30.43,31.60,30,202,0.6959000000000001,0.81,0.0076,-0.22,0.14,Call,2025-05-09,202.52
180.00,26.3,25.00,26.00,27.00,128,537,0.6463,0.78,0.0090,-0.22,0.15,Call,2025-05-09,202.52
185.00,22.2,22.05,22.58,23.10,64,553,0.6487999999999999,0.72,0.0100,-0.25,0.17,Call,2025-05-09,202.52
190.00,18.75,17.10,18.20,19.30,212,711,0.5839,0.68,0.0119,-0.24,0.18,Call,2025-05-09,202.52
195.00,14.65,14.55,14.63,14.70,364,783,0.5516,0.62,0.0134,-0.24,0.20,Call,2025-05-09,202.52
200.00,11.45,11.40,11.95,12.50,950,8206,0.5494,0.55,0.0140,-0.24,0.20,Call,2025-05-09,202.52
205.00,8.65,8.50,9.08,9.65,1228,1202,0.5202,0.47,0.0149,-0.23,0.21,Call,2025-05-09,202.52
210.00,6.26,6.20,6.50,6.80,2386,2189,0.4875,0.39,0.0153,-0.21,0.20,Call,2025-05-09,202.52
215.00,4.33,4.25,4.35,4.45,2162,1417,0.4549,0.31,0.0150,-0.18,0.18,Call,2025-05-09,202.52
220.00,2.88,2.82,3.21,3.60,1253,1547,0.4575,0.24,0.0133,-0.16,0.16,Call,2025-05-09,202.52
225.00,1.85,1.81,1.94,2.06,1254,1949,0.4304,0.17,0.0115,-0.12,0.13,Call,2025-05-09,202.52
230.00,1.17,1.14,1.33,1.51,1398,1258,0.43090000000000006,0.13,0.0093,-0.10,0.11,Call,2025-05-09,202.52
235.00,0.75,0.71,0.75,0.79,628,650,0.41409999999999997,0.08,0.0070,-0.07,0.08,Call,2025-05-09,202.52
240.00,0.49,0.46,0.48,0.50,616,816,0.4144,0.06,0.0052,-0.05,0.06,Call,2025-05-09,202.52
245.00,0.33,0.30,0.42,0.54,243,977,0.44060000000000005,0.05,0.0043,-0.05,0.05,Call,2025-05-09,202.52
250.00,0.23,0.21,0.23,0.25,650,403,0.4293,0.03,0.0029,-0.03,0.03,Call,2025-05-09,202.52
255.00,0.18,0.15,0.16,0.18,65,283,0.4386,0.02,0.0022,-0.02,0.03,Call,2025-05-09,202.52
260.00,0.17,0.11,0.13,0.14,186,259,0.4506,0.02,0.0017,-0.02,0.02,Call,2025-05-09,202.52
265.00,0.14,0.08,0.10,0.12,23,69,0.465,0.01,0.0013,-0.02,0.02,Call,2025-05-09,202.52
270.00,0.09,0.09,0.10,0.10,109,43,0.4888,0.01,0.0012,-0.02,0.02,Call,2025-05-09,202.52
275.00,0.1,0.04,0.06,0.08,13,23,0.48729999999999996,0.01,0.0008,-0.01,0.01,Call,2025-05-09,202.52
280.00,0.08,0.03,0.05,0.07,111,23,0.5014,0.01,0.0007,-0.01,0.01,Call,2025-05-09,202.52
285.00,0.07,0.02,0.04,0.06,13,7,0.5124,0.00,0.0005,-0.01,0.01,Call,2025-05-09,202.52
290.00,0.11,0.02,0.04,0.06,35,10,0.5347999999999999,0.00,0.0005,-0.01,0.01,Call,2025-05-09,202.52
295.00,0.04,0.00,0.03,0.05,300,44,0.5313,0.00,0.0003,-0.01,0.00,Call,2025-05-09,202.52
300.00,,0.01,0.03,0.05,0,2,0.5617,0.00,0.0004,-0.01,0.01,Call,2025-05-09,202.52
305.00,,0.00,0.02,0.04,0,2,0.5604,0.00,0.0003,0.00,0.00,Call,2025-05-09,202.52
310.00,,0.01,0.03,0.04,0,0,0.5920000000000001,0.00,0.0003,-0.01,0.00,Call,2025-05-09,202.52
315.00,0.04,0.00,0.02,0.04,8,1,0.599,0.00,0.0002,0.00,0.00,Call,2025-05-09,202.52
320.00,,0.00,0.02,0.04,0,1,0.6177,0.00,0.0002,0.00,0.00,Call,2025-05-09,202.52
325.00,0.01,0.00,0.02,0.03,1,4,0.6203,0.00,0.0002,0.00,0.00,Call,2025-05-09,202.52
110.00,0.17,0.14,0.16,0.18,283,367,1.0417,-0.01,0.0004,-0.02,0.01,Put,2025-05-09,202.52
120.00,0.21,0.00,0.13,0.26,86,684,0.8805,-0.01,0.0005,-0.02,0.01,Put,2025-05-09,202.52
125.00,0.28,0.28,0.30,0.32,59,91,0.9213,-0.02,0.0009,-0.04,0.02,Put,2025-05-09,202.52
130.00,0.44,0.34,0.36,0.38,6,156,0.8795999999999999,-0.02,0.0011,-0.05,0.02,Put,2025-05-09,202.52
135.00,0.37,0.42,0.44,0.45,161,575,0.8399,-0.02,0.0013,-0.05,0.03,Put,2025-05-09,202.52
140.00,0.46,0.51,0.53,0.54,164,762,0.8005,-0.03,0.0017,-0.06,0.04,Put,2025-05-09,202.52
145.00,0.56,0.43,0.55,0.66,76,295,0.7398,-0.03,0.0020,-0.06,0.04,Put,2025-05-09,202.52
150.00,0.69,0.77,0.79,0.80,248,990,0.7273000000000001,-0.05,0.0026,-0.08,0.05,Put,2025-05-09,202.52
155.00,0.78,0.75,0.87,0.99,249,549,0.6758,-0.06,0.0032,-0.08,0.06,Put,2025-05-09,202.52
160.00,1.2,1.16,1.19,1.22,586,1145,0.6572,-0.07,0.0041,-0.10,0.07,Put,2025-05-09,202.52
165.00,1.49,1.46,1.50,1.54,455,698,0.6262,-0.09,0.0052,-0.11,0.09,Put,2025-05-09,202.52
170.00,1.9,1.87,1.90,1.93,528,1524,0.5963,-0.12,0.0064,-0.12,0.10,Put,2025-05-09,202.52
175.00,2.33,1.99,2.23,2.46,157,929,0.5511,-0.14,0.0080,-0.13,0.12,Put,2025-05-09,202.52
180.00,2.91,3.05,3.15,3.25,621,1944,0.544,-0.19,0.0097,-0.15,0.14,Put,2025-05-09,202.52
185.00,3.95,3.45,3.75,4.05,294,1388,0.49979999999999997,-0.23,0.0119,-0.16,0.16,Put,2025-05-09,202.52
190.00,5.15,4.90,5.05,5.20,624,1287,0.48590000000000005,-0.30,0.0138,-0.17,0.18,Put,2025-05-09,202.52
195.00,6.55,6.45,6.68,6.90,1033,886,0.4715,-0.37,0.0156,-0.18,0.19,Put,2025-05-09,202.52
200.00,8.32,7.35,7.90,8.45,1022,745,0.4192,-0.45,0.0183,-0.17,0.20,Put,2025-05-09,202.52
205.00,10.44,10.40,10.53,10.65,821,1125,0.4155,-0.55,0.0185,-0.16,0.20,Put,2025-05-09,202.52
210.00,13.08,11.00,12.15,13.30,513,495,0.33590000000000003,-0.67,0.0209,-0.11,0.19,Put,2025-05-09,202.52
215.00,16.16,14.10,15.25,16.40,234,127,0.29510000000000003,-0.80,0.0187,-0.07,0.15,Put,2025-05-09,202.52
220.00,19.4,18.60,19.93,21.25,191,275,0.3312,-0.84,0.0142,-0.07,0.12,Put,2025-05-09,202.52
225.00,20.4,23.45,23.83,24.20,153,237,0.2606,-0.95,0.0079,-0.01,0.05,Put,2025-05-09,202.52
230.00,24.75,27.85,28.20,28.55,128,91,0.0,-1.00,0.0000,0.03,0.00,Put,2025-05-09,202.52
235.00,,30.50,31.88,33.25,0,25,0.0,-1.00,0.0000,0.03,0.00,Put,2025-05-09,202.52
240.00,,37.25,37.68,38.10,0,1,0.0,-1.00,0.0000,0.03,0.00,Put,2025-05-09,202.52
245.00,42.25,42.20,42.60,43.00,2,0,0.0,-1.00,0.0000,0.03,0.00,Put,2025-05-09,202.52
250.00,,45.20,46.60,48.00,0,0,0.0,-1.00,0.0000,0.03,0.00,Put,2025-05-09,202.52
255.00,,50.20,51.60,53.00,0,0,0.0,-1.00,0.0000,0.03,0.00,Put,2025-05-09,202.52
260.00,57.36,57.20,57.60,58.00,1,0,0.0,-1.00,0.0000,0.03,0.00,Put,2025-05-09,202.52
265.00,,62.20,62.60,63.00,0,0,0.0,-1.00,0.0000,0.03,0.00,Put,2025-05-09,202.52
270.00,,65.00,66.50,68.00,0,0,0.0,-1.00,0.0000,0.03,0.00,Put,2025-05-09,202.52
275.00,,72.20,72.60,73.00,0,0,0.0,-1.00,0.0000,0.03,0.00,Put,2025-05-09,202.52
280.00,,75.20,76.60,78.00,0,0,0.0,-1.00,0.0000,0.03,0.00,Put,2025-05-09,202.52
285.00,,82.20,82.60,83.00,0,0,0.0,-1.00,0.0000,0.03,0.00,Put,2025-05-09,202.52
290.00,86.4,85.40,86.70,88.00,1,0,0.0,-1.00,0.0000,0.03,0.00,Put,2025-05-09,202.52
295.00,,90.40,91.70,93.00,0,0,0.0,-1.00,0.0000,0.03,0.00,Put,2025-05-09,202.52
300.00,,97.20,97.60,98.00,0,0,0.0,-1.00,0.0000,0.03,0.00,Put,2025-05-09,202.52
305.00,,102.20,102.60,103.00,0,0,0.0,-1.00,0.0000,0.03,0.00,Put,2025-05-09,202.52
310.00,,107.20,107.60,108.00,0,0,0.0,-1.00,0.0000,0.03,0.00,Put,2025-05-09,202.52
315.00,,112.20,112.60,113.00,0,0,0.0,-1.00,0.0000,0.04,0.00,Put,2025-05-09,202.52
320.00,,117.20,117.60,118.00,0,0,0.0,-1.00,0.0000,0.04,0.00,Put,2025-05-09,202.52
325.00,,122.20,122.60,123.00,0,0,0.0,-1.00,0.0000,0.04,0.00,Put,2025-05-09,202.52
95.00,,107.55,108.32,109.10,0,2,1.7546000000000002,0.96,0.0009,-0.16,0.05,Call,2025-05-16,202.52
100.00,106.6,102.60,102.90,103.20,3,190,1.5667,0.96,0.0009,-0.13,0.05,Call,2025-05-16,202.52
105.00,98.05,97.65,98.45,99.25,10,1,1.5681,0.95,0.0011,-0.16,0.06,Call,2025-05-16,202.52
110.00,,92.70,93.50,94.30,0,13,1.4786000000000001,0.95,0.0012,-0.16,0.06,Call,2025-05-16,202.52
115.00,,87.75,89.03,90.30,0,5,1.4609999999999999,0.94,0.0014,-0.18,0.07,Call,2025-05-16,202.52
120.00,84.2,82.80,83.60,84.40,251,640,1.3097,0.94,0.0016,-0.16,0.07,Call,2025-05-16,202.52
125.00,,77.85,79.15,80.45,0,17,1.2938999999999998,0.93,0.0018,-0.18,0.08,Call,2025-05-16,202.52
130.00,78.13,71.95,73.23,74.50,1,22,1.0888,0.94,0.0019,-0.14,0.07,Call,2025-05-16,202.52
135.00,70.45,68.05,68.85,69.65,3,149,1.0884,0.92,0.0023,-0.16,0.09,Call,2025-05-16,202.52
140.00,65.55,63.20,63.98,64.75,17,146,1.0225,0.91,0.0026,-0.16,0.09,Call,2025-05-16,202.52
145.00,60.7,57.35,58.65,59.95,2,193,0.9096,0.92,0.0029,-0.15,0.09,Call,2025-05-16,202.52
150.00,57.38,52.55,53.85,55.15,17,193,0.8558,0.90,0.0034,-0.15,0.10,Call,2025-05-16,202.52
155.00,,47.05,49.20,51.35,0,248,0.8148000000000001,0.89,0.0040,-0.16,0.11,Call,2025-05-16,202.52
160.00,45.33,43.05,44.35,45.65,109,482,0.7535,0.88,0.0046,-0.16,0.12,Call,2025-05-16,202.52
165.00,41.6,38.40,40.18,41.95,4,539,0.7426999999999999,0.85,0.0054,-0.18,0.14,Call,2025-05-16,202.52
170.00,36.08,35.05,35.33,35.60,90,900,0.6768000000000001,0.83,0.0063,-0.18,0.15,Call,2025-05-16,202.52
175.00,30.8,30.55,30.85,31.15,199,1369,0.6334000000000001,0.80,0.0074,-0.18,0.16,Call,2025-05-16,202.52
180.00,27.7,26.45,26.67,26.90,106,2112,0.602,0.77,0.0087,-0.19,0.18,Call,2025-05-16,202.52
185.00,22.52,22.45,23.03,23.60,180,7158,0.5896,0.72,0.0097,-0.20,0.20,Call,2025-05-16,202.52
190.00,18.87,18.00,18.90,19.80,746,3776,0.5433,0.67,0.0113,-0.20,0.21,Call,2025-05-16,202.52
195.00,16.0,14.45,15.28,16.10,841,9201,0.5112,0.62,0.0128,-0.20,0.22,Call,2025-05-16,202.52
200.00,12.1,12.10,12.60,13.10,2940,7889,0.5085000000000001,0.55,0.0133,-0.20,0.23,Call,2025-05-16,202.52
205.00,9.35,9.20,9.65,10.10,6387,9876,0.4799,0.48,0.0142,-0.19,0.23,Call,2025-05-16,202.52
210.00,6.85,6.80,7.15,7.50,8740,8682,0.45549999999999996,0.40,0.0145,-0.17,0.23,Call,2025-05-16,202.52
215.00,4.9,4.85,4.90,4.95,3008,5797,0.42479999999999996,0.32,0.0144,-0.15,0.21,Call,2025-05-16,202.52
220.00,3.35,3.30,3.40,3.50,9933,15060,0.4111,0.25,0.0132,-0.13,0.19,Call,2025-05-16,202.52
225.00,2.24,2.21,2.26,2.30,7811,10483,0.3981,0.19,0.0115,-0.10,0.16,Call,2025-05-16,202.52
230.00,1.46,1.43,1.47,1.51,4667,13562,0.3896,0.13,0.0095,-0.08,0.13,Call,2025-05-16,202.52
235.00,0.96,0.93,0.95,0.97,4098,10479,0.3846,0.09,0.0075,-0.06,0.10,Call,2025-05-16,202.52
240.00,0.63,0.62,0.72,0.82,4818,11677,0.3962,0.07,0.0060,-0.05,0.08,Call,2025-05-16,202.52
245.00,0.44,0.42,0.46,0.50,13144,12167,0.3934,0.05,0.0045,-0.04,0.06,Call,2025-05-16,202.52
250.00,0.31,0.30,0.31,0.31,3144,15286,0.39490000000000003,0.03,0.0033,-0.03,0.04,Call,2025-05-16,202.52
255.00,0.23,0.22,0.24,0.25,8588,18744,0.4064,0.03,0.0026,-0.02,0.04,Call,2025-05-16,202.52
260.00,0.21,0.16,0.18,0.19,981,11330,0.41490000000000005,0.02,0.0020,-0.02,0.03,Call,2025-05-16,202.52
265.00,0.13,0.13,0.14,0.15,879,9467,0.42710000000000004,0.02,0.0016,-0.02,0.02,Call,2025-05-16,202.52
270.00,0.1,0.10,0.11,0.12,1261,8070,0.4374,0.01,0.0013,-0.01,0.02,Call,2025-05-16,202.52
275.00,0.12,0.08,0.10,0.11,64,10976,0.4522,0.01,0.0011,-0.01,0.02,Call,2025-05-16,202.52
280.00,0.09,0.09,0.10,0.10,581,13451,0.47450000000000003,0.01,0.0010,-0.01,0.02,Call,2025-05-16,202.52
285.00,0.07,0.07,0.08,0.08,13,1908,0.4825,0.01,0.0008,-0.01,0.01,Call,2025-05-16,202.52
290.00,0.05,0.04,0.06,0.07,89,1003,0.486,0.01,0.0006,-0.01,0.01,Call,2025-05-16,202.52
295.00,0.06,0.04,0.05,0.06,15,915,0.5007,0.01,0.0005,-0.01,0.01,Call,2025-05-16,202.52
300.00,0.05,0.03,0.04,0.05,131,2157,0.508,0.00,0.0004,-0.01,0.01,Call,2025-05-16,202.52
305.00,0.1,0.02,0.04,0.05,3,693,0.5194,0.00,0.0004,-0.01,0.01,Call,2025-05-16,202.52
310.00,0.05,0.02,0.04,0.05,497,1028,0.5373,0.00,0.0004,-0.01,0.01,Call,2025-05-16,202.52
315.00,0.04,0.03,0.04,0.04,21,1512,0.5548,0.00,0.0003,-0.01,0.01,Call,2025-05-16,202.52
320.00,0.03,0.01,0.02,0.03,62,7657,0.5428000000000001,0.00,0.0002,0.00,0.00,Call,2025-05-16,202.52
95.00,0.12,0.10,0.12,0.14,1226,155,1.0794,-0.01,0.0002,-0.02,0.01,Put,2025-05-16,202.52
100.00,0.13,0.13,0.15,0.16,4979,8503,1.0354,-0.01,0.0003,-0.02,0.01,Put,2025-05-16,202.52
105.00,0.16,0.16,0.18,0.19,131,615,0.9933,-0.01,0.0004,-0.02,0.01,Put,2025-05-16,202.52
110.00,0.21,0.21,0.22,0.23,138,803,0.9584,-0.01,0.0005,-0.02,0.02,Put,2025-05-16,202.52
115.00,0.25,0.25,0.26,0.27,60,1109,0.9166,-0.01,0.0006,-0.03,0.02,Put,2025-05-16,202.52
120.00,0.31,0.31,0.32,0.33,212,1082,0.8815999999999999,-0.02,0.0008,-0.03,0.02,Put,2025-05-16,202.52
125.00,0.39,0.38,0.39,0.39,114,1642,0.8447,-0.02,0.0010,-0.04,0.03,Put,2025-05-16,202.52
130.00,0.46,0.45,0.46,0.47,547,1682,0.8078,-0.02,0.0012,-0.04,0.03,Put,2025-05-16,202.52
135.00,0.5,0.54,0.55,0.57,84,1180,0.773,-0.03,0.0015,-0.05,0.04,Put,2025-05-16,202.52
140.00,0.63,0.66,0.67,0.68,466,2815,0.7390000000000001,-0.04,0.0018,-0.05,0.05,Put,2025-05-16,202.52
145.00,0.7,0.79,0.80,0.82,176,860,0.7048000000000001,-0.04,0.0023,-0.06,0.05,Put,2025-05-16,202.52
150.00,0.97,0.96,1.08,1.20,1045,6210,0.6881999999999999,-0.06,0.0029,-0.07,0.07,Put,2025-05-16,202.52
155.00,1.03,1.15,1.17,1.20,746,4342,0.6392,-0.07,0.0034,-0.08,0.08,Put,2025-05-16,202.52
160.00,1.43,1.41,1.44,1.47,2574,5758,0.6089,-0.08,0.0043,-0.09,0.09,Put,2025-05-16,202.52
165.00,1.8,1.78,1.81,1.83,3831,7440,0.5825,-0.10,0.0053,-0.10,0.11,Put,2025-05-16,202.52
170.00,2.25,2.21,2.25,2.28,5316,12202,0.5550999999999999,-0.13,0.0065,-0.11,0.12,Put,2025-05-16,202.52
175.00,2.83,2.81,2.93,3.05,2066,6834,0.5374,-0.16,0.0078,-0.12,0.14,Put,2025-05-16,202.52
180.00,3.6,3.45,3.55,3.65,8507,9978,0.5052,-0.20,0.0095,-0.13,0.16,Put,2025-05-16,202.52
185.00,4.59,4.50,4.65,4.80,2119,10263,0.491,-0.25,0.0111,-0.14,0.19,Put,2025-05-16,202.52
190.00,5.75,5.70,5.75,5.80,4629,11607,0.46399999999999997,-0.31,0.0129,-0.15,0.21,Put,2025-05-16,202.52
195.00,7.25,6.45,6.88,7.30,2525,11623,0.4264,-0.37,0.0151,-0.14,0.22,Put,2025-05-16,202.52
200.00,9.0,8.00,8.58,9.15,3710,18039,0.40090000000000003,-0.45,0.0169,-0.14,0.23,Put,2025-05-16,202.52
205.00,11.0,9.50,10.58,11.65,2890,10998,0.3714,-0.54,0.0182,-0.13,0.23,Put,2025-05-16,202.52
210.00,13.74,13.65,13.78,13.90,1902,8458,0.3749,-0.63,0.0173,-0.12,0.22,Put,2025-05-16,202.52
215.00,16.77,16.55,17.30,18.05,552,7490,0.37560000000000004,-0.70,0.0157,-0.10,0.20,Put,2025-05-16,202.52
220.00,20.32,20.30,20.40,20.50,459,11952,0.3311,-0.81,0.0142,-0.07,0.16,Put,2025-05-16,202.52
225.00,22.55,23.10,24.53,25.95,232,7308,0.3191,-0.87,0.0112,-0.04,0.12,Put,2025-05-16,202.52
230.00,28.4,26.00,27.90,29.80,501,5089,0.0,-1.00,0.0000,0.03,0.00,Put,2025-05-16,202.52
235.00,30.14,32.85,33.08,33.30,39,3409,0.0,-1.00,0.0000,0.03,0.00,Put,2025-05-16,202.52
240.00,37.0,35.25,36.68,38.10,354,3660,0.0,-1.00,0.0000,0.03,0.00,Put,2025-05-16,202.52
245.00,41.85,40.10,41.55,43.00,11,3592,0.0,-1.00,0.0000,0.03,0.00,Put,2025-05-16,202.52
250.00,42.96,45.15,46.55,47.95,1,202,0.0,-1.00,0.0000,0.03,0.00,Put,2025-05-16,202.52
255.00,,50.05,51.50,52.95,0,36,0.0,-1.00,0.0000,0.03,0.00,Put,2025-05-16,202.52
260.00,,55.05,56.50,57.95,0,18,0.0,-1.00,0.0000,0.03,0.00,Put,2025-05-16,202.52
265.00,,60.10,61.53,62.95,0,1,0.0,-1.00,0.0000,0.03,0.00,Put,2025-05-16,202.52
270.00,,64.70,66.33,67.95,0,0,0.0,-1.00,0.0000,0.03,0.00,Put,2025-05-16,202.52
275.00,,69.90,71.43,72.95,0,0,0.0,-1.00,0.0000,0.03,0.00,Put,2025-05-16,202.52
280.00,,75.10,76.53,77.95,0,0,0.0,-1.00,0.0000,0.03,0.00,Put,2025-05-16,202.52
285.00,,80.00,81.48,82.95,0,0,0.0,-1.00,0.0000,0.03,0.00,Put,2025-05-16,202.52
290.00,,85.10,86.53,87.95,0,0,0.0,-1.00,0.0000,0.03,0.00,Put,2025-05-16,202.52
295.00,,90.10,91.53,92.95,0,0,0.0,-1.00,0.0000,0.03,0.00,Put,2025-05-16,202.52
300.00,,95.00,96.48,97.95,0,0,0.0,-1.00,0.0000,0.03,0.00,Put,2025-05-16,202.52
305.00,,100.10,101.53,102.95,0,0,0.0,-1.00,0.0000,0.03,0.00,Put,2025-05-16,202.52
310.00,,105.10,106.53,107.95,0,0,0.0,-1.00,0.0000,0.03,0.00,Put,2025-05-16,202.52
315.00,,110.00,111.48,112.95,0,0,0.0,-1.00,0.0000,0.04,0.00,Put,2025-05-16,202.52
320.00,115.53,115.10,116.53,117.95,1,1,0.0,-1.00,0.0000,0.04,0.00,Put,2025-05-16,202.52
110.00,,92.60,93.03,93.45,0,0,1.2538,0.96,0.0012,-0.11,0.06,Call,2025-05-23,202.52
120.00,,82.80,83.68,84.55,0,0,1.1843000000000001,0.94,0.0016,-0.13,0.08,Call,2025-05-23,202.52
125.00,,77.90,78.80,79.70,0,3,1.1206,0.93,0.0018,-0.14,0.08,Call,2025-05-23,202.52
130.00,,73.00,73.38,73.75,0,1,0.9932,0.94,0.0019,-0.12,0.08,Call,2025-05-23,202.52
135.00,,68.10,68.53,68.95,0,1,0.9390999999999999,0.93,0.0022,-0.12,0.09,Call,2025-05-23,202.52
140.00,,63.25,63.68,64.10,0,29,0.885,0.92,0.0025,-0.12,0.09,Call,2025-05-23,202.52
145.00,,57.70,59.00,60.30,0,2,0.8479000000000001,0.91,0.0029,-0.13,0.11,Call,2025-05-23,202.52
150.00,,53.70,54.10,54.50,0,8,0.7881999999999999,0.90,0.0034,-0.13,0.11,Call,2025-05-23,202.52
155.00,51.35,49.05,49.38,49.70,3,59,0.7434000000000001,0.89,0.0039,-0.13,0.12,Call,2025-05-23,202.52
160.00,,44.50,45.23,45.95,0,14,0.7382,0.86,0.0046,-0.15,0.14,Call,2025-05-23,202.52
165.00,42.0,39.90,40.60,41.30,3,44,0.6929000000000001,0.84,0.0053,-0.16,0.16,Call,2025-05-23,202.52
170.00,37.7,35.50,36.18,36.85,160,403,0.6570999999999999,0.82,0.0062,-0.16,0.17,Call,2025-05-23,202.52
175.00,34.0,31.20,31.88,32.55,5,240,0.6234000000000001,0.79,0.0071,-0.17,0.19,Call,2025-05-23,202.52
180.00,27.43,26.95,27.17,27.40,16,483,0.5646,0.76,0.0084,-0.16,0.20,Call,2025-05-23,202.52
185.00,25.45,23.00,23.20,23.40,12,278,0.5367999999999999,0.72,0.0097,-0.17,0.22,Call,2025-05-23,202.52
190.00,19.45,19.45,19.58,19.70,229,260,0.5162,0.67,0.0108,-0.17,0.23,Call,2025-05-23,202.52
195.00,18.64,15.90,16.48,17.05,133,536,0.5072,0.61,0.0116,-0.18,0.25,Call,2025-05-23,202.52
200.00,12.85,12.75,13.33,13.90,571,787,0.485,0.55,0.0126,-0.17,0.26,Call,2025-05-23,202.52
205.00,9.95,9.95,10.08,10.20,282,1129,0.4476,0.48,0.0137,-0.16,0.26,Call,2025-05-23,202.52
210.00,7.8,7.50,7.63,7.75,1786,933,0.42829999999999996,0.41,0.0140,-0.15,0.25,Call,2025-05-23,202.52
215.00,5.7,5.45,5.60,5.75,464,1376,0.4117,0.34,0.0137,-0.14,0.24,Call,2025-05-23,202.52
220.00,3.85,3.85,3.93,4.00,771,1336,0.3948,0.27,0.0129,-0.12,0.21,Call,2025-05-23,202.52
225.00,3.1,2.46,2.72,2.97,272,643,0.3839,0.21,0.0114,-0.10,0.18,Call,2025-05-23,202.52
230.00,1.82,1.79,1.84,1.88,213,270,0.37549999999999994,0.15,0.0097,-0.08,0.15,Call,2025-05-23,202.52
235.00,1.24,1.21,1.24,1.27,114,236,0.3712,0.11,0.0079,-0.06,0.12,Call,2025-05-23,202.52
240.00,0.84,0.81,0.84,0.87,272,167,0.3697,0.08,0.0063,-0.05,0.10,Call,2025-05-23,202.52
245.00,0.74,0.56,0.59,0.61,74,161,0.3718,0.06,0.0049,-0.04,0.08,Call,2025-05-23,202.52
250.00,0.4,0.40,0.42,0.44,217,391,0.3766,0.04,0.0038,-0.03,0.06,Call,2025-05-23,202.52
255.00,0.38,0.28,0.31,0.34,346,108,0.3832,0.03,0.0030,-0.02,0.05,Call,2025-05-23,202.52
260.00,0.24,0.21,0.23,0.25,58,15,0.3897,0.03,0.0023,-0.02,0.04,Call,2025-05-23,202.52
265.00,0.23,0.16,0.19,0.21,39,77,0.4004,0.02,0.0019,-0.02,0.03,Call,2025-05-23,202.52
270.00,0.2,0.13,0.15,0.17,24,86,0.41090000000000004,0.02,0.0015,-0.01,0.03,Call,2025-05-23,202.52
275.00,0.13,0.11,0.13,0.15,200,15,0.4244,0.01,0.0013,-0.01,0.02,Call,2025-05-23,202.52
280.00,0.2,0.09,0.11,0.13,29,3,0.43579999999999997,0.01,0.0011,-0.01,0.02,Call,2025-05-23,202.52
285.00,0.17,0.07,0.10,0.12,66,8,0.4475,0.01,0.0009,-0.01,0.02,Call,2025-05-23,202.52
290.00,0.16,0.06,0.08,0.10,4,14,0.4573,0.01,0.0008,-0.01,0.01,Call,2025-05-23,202.52
295.00,0.14,0.05,0.07,0.09,5,41,0.4686,0.01,0.0007,-0.01,0.01,Call,2025-05-23,202.52
300.00,0.11,0.04,0.07,0.09,72,103,0.4824,0.01,0.0006,-0.01,0.01,Call,2025-05-23,202.52
305.00,0.05,0.03,0.06,0.08,1,3,0.49079999999999996,0.01,0.0005,-0.01,0.01,Call,2025-05-23,202.52
310.00,,0.03,0.05,0.07,0,0,0.5025999999999999,0.01,0.0005,-0.01,0.01,Call,2025-05-23,202.52
315.00,,0.02,0.05,0.07,0,0,0.5133,0.00,0.0004,-0.01,0.01,Call,2025-05-23,202.52
320.00,0.07,0.02,0.04,0.06,2,1,0.5229,0.00,0.0003,-0.01,0.01,Call,2025-05-23,202.52
325.00,0.07,0.01,0.03,0.06,1,0,0.5312,0.00,0.0003,0.00,0.01,Call,2025-05-23,202.52
110.00,0.26,0.25,0.27,0.28,64,225,0.8898999999999999,-0.01,0.0005,-0.02,0.02,Put,2025-05-23,202.52
120.00,0.35,0.37,0.39,0.41,7,203,0.8227,-0.02,0.0008,-0.03,0.03,Put,2025-05-23,202.52
125.00,0.43,0.45,0.48,0.51,1,38,0.7927,-0.02,0.0011,-0.04,0.04,Put,2025-05-23,202.52
130.00,0.57,0.54,0.55,0.57,35,72,0.7553,-0.03,0.0013,-0.04,0.04,Put,2025-05-23,202.52
135.00,0.66,0.64,0.77,0.89,6,203,0.7434000000000001,-0.04,0.0017,-0.05,0.05,Put,2025-05-23,202.52
140.00,0.83,0.58,0.80,1.02,140,192,0.6927,-0.04,0.0019,-0.05,0.06,Put,2025-05-23,202.52
145.00,0.83,0.92,1.06,1.19,35,216,0.6762999999999999,-0.05,0.0024,-0.06,0.07,Put,2025-05-23,202.52
150.00,1.01,0.94,1.07,1.19,339,909,0.6208,-0.06,0.0029,-0.06,0.07,Put,2025-05-23,202.52
155.00,1.22,1.37,1.51,1.64,142,362,0.6158,-0.08,0.0036,-0.07,0.09,Put,2025-05-23,202.52
160.00,1.47,1.70,1.73,1.75,264,1032,0.579,-0.09,0.0044,-0.08,0.11,Put,2025-05-23,202.52
165.00,1.73,2.08,2.12,2.16,209,506,0.5537,-0.11,0.0053,-0.09,0.12,Put,2025-05-23,202.52
170.00,2.6,2.55,2.61,2.66,264,439,0.5286,-0.14,0.0064,-0.10,0.14,Put,2025-05-23,202.52
175.00,3.03,3.20,3.28,3.35,91,711,0.5082,-0.17,0.0077,-0.11,0.17,Put,2025-05-23,202.52
180.00,4.0,4.00,4.08,4.15,251,673,0.4865,-0.21,0.0092,-0.11,0.19,Put,2025-05-23,202.52
185.00,4.54,5.00,5.08,5.15,169,407,0.4657,-0.26,0.0107,-0.12,0.21,Put,2025-05-23,202.52
190.00,6.35,5.90,6.15,6.40,366,290,0.4387,-0.31,0.0124,-0.12,0.23,Put,2025-05-23,202.52
195.00,6.72,7.00,7.48,7.95,93,235,0.4119,-0.37,0.0142,-0.12,0.25,Put,2025-05-23,202.52
200.00,9.45,9.45,9.68,9.90,556,684,0.4077,-0.45,0.0150,-0.13,0.26,Put,2025-05-23,202.52
205.00,10.15,11.80,11.88,11.95,340,201,0.38909999999999995,-0.53,0.0158,-0.12,0.26,Put,2025-05-23,202.52
210.00,12.7,12.25,13.40,14.55,16,43,0.3273,-0.63,0.0178,-0.09,0.24,Put,2025-05-23,202.52
215.00,17.27,17.15,17.30,17.45,213,38,0.344,-0.70,0.0156,-0.08,0.23,Put,2025-05-23,202.52
220.00,18.78,20.30,20.73,21.15,7,27,0.3234,-0.78,0.0140,-0.06,0.19,Put,2025-05-23,202.52
225.00,23.31,24.25,24.60,24.95,9,10,0.3034,-0.86,0.0115,-0.04,0.15,Put,2025-05-23,202.52
230.00,29.5,28.40,28.73,29.05,6,6,0.2681,-0.93,0.0077,-0.01,0.09,Put,2025-05-23,202.52
235.00,,32.65,33.05,33.45,0,177,0.0,-1.00,0.0000,0.03,0.00,Put,2025-05-23,202.52
240.00,,37.35,37.83,38.30,0,1,0.0,-1.00,0.0000,0.03,0.00,Put,2025-05-23,202.52
245.00,39.5,42.20,42.68,43.15,20,20,0.0,-1.00,0.0000,0.03,0.00,Put,2025-05-23,202.52
250.00,,47.10,47.60,48.10,0,2,0.0,-1.00,0.0000,0.03,0.00,Put,2025-05-23,202.52
255.00,49.25,52.10,52.60,53.10,20,0,0.0,-1.00,0.0000,0.03,0.00,Put,2025-05-23,202.52
260.00,,57.10,57.55,58.00,0,0,0.0,-1.00,0.0000,0.03,0.00,Put,2025-05-23,202.52
265.00,,60.00,61.55,63.10,0,0,0.0,-1.00,0.0000,0.03,0.00,Put,2025-05-23,202.52
270.00,,67.10,67.60,68.10,0,0,0.0,-1.00,0.0000,0.03,0.00,Put,2025-05-23,202.52
275.00,,72.10,72.53,72.95,0,0,0.0,-1.00,0.0000,0.03,0.00,Put,2025-05-23,202.52
280.00,,77.10,77.60,78.10,0,0,0.0,-1.00,0.0000,0.03,0.00,Put,2025-05-23,202.52
285.00,,82.10,82.60,83.10,0,0,0.0,-1.00,0.0000,0.03,0.00,Put,2025-05-23,202.52
290.00,,85.00,86.55,88.10,0,0,0.0,-1.00,0.0000,0.03,0.00,Put,2025-05-23,202.52
295.00,,92.10,92.60,93.10,0,0,0.0,-1.00,0.0000,0.03,0.00,Put,2025-05-23,202.52
300.00,,97.10,97.60,98.10,0,0,0.0,-1.00,0.0000,0.03,0.00,Put,2025-05-23,202.52
305.00,,102.10,102.55,103.00,0,0,0.0,-1.00,0.0000,0.03,0.00,Put,2025-05-23,202.52
310.00,,107.10,107.60,108.10,0,0,0.0,-1.00,0.0000,0.03,0.00,Put,2025-05-23,202.52
315.00,,112.10,112.60,113.10,0,0,0.0,-1.00,0.0000,0.04,0.00,Put,2025-05-23,202.52
320.00,,117.10,117.60,118.10,0,0,0.0,-1.00,0.0000,0.04,0.00,Put,2025-05-23,202.52
325.00,,122.10,122.57,123.05,0,0,0.0,-1.00,0.0000,0.04,0.00,Put,2025-05-23,202.52
110.00,,92.75,93.15,93.55,0,0,1.1621,0.95,0.0012,-0.10,0.07,Call,2025-05-30,202.52
120.00,,82.90,83.33,83.75,0,0,1.0371,0.95,0.0015,-0.10,0.08,Call,2025-05-30,202.52
125.00,,78.05,78.45,78.85,0,0,0.9818000000000001,0.94,0.0017,-0.10,0.08,Call,2025-05-30,202.52
130.00,,73.15,73.55,73.95,0,0,0.9245,0.94,0.0019,-0.10,0.09,Call,2025-05-30,202.52
135.00,73.5,68.35,68.75,69.15,1,1,0.8786,0.93,0.0022,-0.11,0.10,Call,2025-05-30,202.52
140.00,,63.50,63.93,64.35,0,0,0.8299,0.92,0.0026,-0.11,0.11,Call,2025-05-30,202.52
145.00,,58.75,59.13,59.50,0,1,0.7831999999999999,0.91,0.0029,-0.11,0.11,Call,2025-05-30,202.52
150.00,57.55,53.95,54.38,54.80,1,0,0.7399,0.90,0.0034,-0.12,0.13,Call,2025-05-30,202.52
155.00,,49.30,49.70,50.10,0,0,0.7009000000000001,0.88,0.0039,-0.12,0.14,Call,2025-05-30,202.52
160.00,,44.65,45.05,45.45,0,0,0.6614,0.87,0.0046,-0.13,0.15,Call,2025-05-30,202.52
165.00,42.0,40.10,40.53,40.95,21,1,0.6273,0.85,0.0053,-0.13,0.17,Call,2025-05-30,202.52
170.00,,35.70,36.08,36.45,0,4,0.5938,0.82,0.0062,-0.14,0.18,Call,2025-05-30,202.52
175.00,32.35,31.60,31.90,32.20,2,3,0.57,0.79,0.0071,-0.14,0.20,Call,2025-05-30,202.52
180.00,30.1,27.50,27.75,28.00,3,11,0.5413,0.76,0.0082,-0.15,0.22,Call,2025-05-30,202.52
185.00,24.65,23.40,23.75,24.10,5,16,0.513,0.72,0.0094,-0.15,0.24,Call,2025-05-30,202.52
190.00,22.21,19.90,20.42,20.95,165,178,0.5046,0.67,0.0102,-0.16,0.26,Call,2025-05-30,202.52
195.00,19.0,16.50,16.63,16.75,41,44,0.469,0.61,0.0116,-0.15,0.27,Call,2025-05-30,202.52
200.00,15.17,12.40,13.43,14.45,232,227,0.447,0.55,0.0125,-0.15,0.28,Call,2025-05-30,202.52
205.00,12.4,10.50,10.63,10.75,167,76,0.4288,0.49,0.0132,-0.14,0.28,Call,2025-05-30,202.52
210.00,8.15,8.05,8.15,8.25,295,90,0.4108,0.42,0.0135,-0.13,0.28,Call,2025-05-30,202.52
215.00,6.57,5.90,6.00,6.10,156,76,0.3921,0.35,0.0134,-0.12,0.26,Call,2025-05-30,202.52
220.00,4.35,4.30,4.38,4.45,1102,151,0.3804,0.28,0.0126,-0.11,0.24,Call,2025-05-30,202.52
225.00,3.08,3.00,3.33,3.65,163,55,0.3809,0.23,0.0112,-0.09,0.21,Call,2025-05-30,202.52
230.00,2.1,2.07,2.14,2.20,253,69,0.3614,0.17,0.0098,-0.07,0.18,Call,2025-05-30,202.52
235.00,1.45,1.41,1.45,1.49,193,38,0.35509999999999997,0.12,0.0081,-0.06,0.14,Call,2025-05-30,202.52
240.00,1.0,0.96,1.00,1.03,783,30,0.3527,0.09,0.0066,-0.05,0.12,Call,2025-05-30,202.52
245.00,0.86,0.66,0.70,0.74,178,21,0.3539,0.07,0.0052,-0.04,0.09,Call,2025-05-30,202.52
250.00,0.51,0.49,0.51,0.52,431,42,0.3575,0.05,0.0041,-0.03,0.07,Call,2025-05-30,202.52
255.00,0.45,0.15,0.28,0.40,16,9,0.3444,0.03,0.0028,-0.02,0.05,Call,2025-05-30,202.52
260.00,0.38,0.25,0.28,0.30,69,1,0.3675,0.03,0.0025,-0.02,0.05,Call,2025-05-30,202.52
265.00,0.29,0.19,0.22,0.25,9,0,0.3768,0.02,0.0021,-0.02,0.04,Call,2025-05-30,202.52
270.00,0.18,0.15,0.18,0.21,32,29,0.38659999999999994,0.02,0.0017,-0.01,0.03,Call,2025-05-30,202.52
275.00,0.15,0.12,0.15,0.17,1,0,0.39490000000000003,0.02,0.0014,-0.01,0.03,Call,2025-05-30,202.52
280.00,0.15,0.09,0.12,0.15,106,0,0.4042,0.01,0.0011,-0.01,0.02,Call,2025-05-30,202.52
285.00,,0.07,0.10,0.13,0,0,0.4132,0.01,0.0010,-0.01,0.02,Call,2025-05-30,202.52
290.00,,0.06,0.19,0.31,0,0,0.46649999999999997,0.02,0.0013,-0.02,0.03,Call,2025-05-30,202.52
295.00,,0.04,0.07,0.10,0,0,0.43,0.01,0.0007,-0.01,0.01,Call,2025-05-30,202.52
300.00,,0.03,0.06,0.09,0,0,0.4388,0.01,0.0006,-0.01,0.01,Call,2025-05-30,202.52
305.00,0.06,0.03,0.06,0.09,4,0,0.4547,0.01,0.0005,-0.01,0.01,Call,2025-05-30,202.52
310.00,0.04,0.02,0.05,0.08,1,0,0.4612,0.01,0.0005,-0.01,0.01,Call,2025-05-30,202.52
315.00,,0.01,0.04,0.07,0,0,0.4654,0.00,0.0004,0.00,0.01,Call,2025-05-30,202.52
320.00,,0.00,0.04,0.07,0,0,0.4736,0.00,0.0003,0.00,0.01,Call,2025-05-30,202.52
325.00,,0.00,0.03,0.06,0,21,0.4804,0.00,0.0003,0.00,0.01,Call,2025-05-30,202.52
110.00,0.26,0.28,0.31,0.34,3,2,0.838,-0.01,0.0006,-0.02,0.02,Put,2025-05-30,202.52
120.00,0.45,0.42,0.45,0.48,455,55,0.775,-0.02,0.0009,-0.03,0.03,Put,2025-05-30,202.52
125.00,,0.11,0.44,0.76,0,1,0.7173,-0.02,0.0010,-0.03,0.04,Put,2025-05-30,202.52
130.00,0.68,0.21,0.44,0.67,6,11,0.6672,-0.02,0.0012,-0.03,0.04,Put,2025-05-30,202.52
135.00,0.9,0.73,0.76,0.79,4,304,0.6833,-0.04,0.0017,-0.04,0.06,Put,2025-05-30,202.52
140.00,0.88,0.87,0.91,0.94,3,7,0.6541,-0.04,0.0020,-0.05,0.07,Put,2025-05-30,202.52
145.00,1.08,1.05,1.09,1.12,5,5,0.6265,-0.05,0.0025,-0.05,0.08,Put,2025-05-30,202.52
150.00,1.2,1.26,1.30,1.34,17,69,0.5991,-0.06,0.0030,-0.06,0.09,Put,2025-05-30,202.52
155.00,1.42,1.54,1.58,1.62,5,10,0.5743,-0.08,0.0036,-0.06,0.10,Put,2025-05-30,202.52
160.00,1.86,1.87,1.92,1.96,53,52,0.5494,-0.10,0.0044,-0.07,0.12,Put,2025-05-30,202.52
165.00,2.1,2.30,2.34,2.39,3606,194,0.5265,-0.12,0.0053,-0.08,0.14,Put,2025-05-30,202.52
170.00,2.86,2.83,2.88,2.93,140,145,0.5045000000000001,-0.15,0.0064,-0.09,0.16,Put,2025-05-30,202.52
175.00,3.3,3.50,3.58,3.65,511,1212,0.485,-0.18,0.0076,-0.09,0.18,Put,2025-05-30,202.52
180.00,3.65,4.35,4.43,4.50,228,116,0.4657,-0.22,0.0089,-0.10,0.21,Put,2025-05-30,202.52
185.00,4.6,5.35,5.45,5.55,57,94,0.4461,-0.26,0.0104,-0.11,0.23,Put,2025-05-30,202.52
190.00,6.7,5.25,6.03,6.80,144,147,0.4,-0.31,0.0125,-0.10,0.25,Put,2025-05-30,202.52
195.00,7.72,8.10,8.23,8.35,121,131,0.40869999999999995,-0.38,0.0132,-0.11,0.27,Put,2025-05-30,202.52
200.00,10.08,9.90,10.05,10.20,143,116,0.3906,-0.45,0.0143,-0.11,0.28,Put,2025-05-30,202.52
205.00,10.89,12.10,12.23,12.35,100,11,0.3729,-0.52,0.0151,-0.10,0.28,Put,2025-05-30,202.52
210.00,12.95,12.50,13.73,14.95,110,10,0.3165,-0.62,0.0171,-0.08,0.27,Put,2025-05-30,202.52
215.00,15.65,17.65,17.78,17.90,4,4,0.3396,-0.68,0.0149,-0.08,0.25,Put,2025-05-30,202.52
220.00,19.05,20.65,21.03,21.40,3,1,0.3171,-0.76,0.0138,-0.06,0.22,Put,2025-05-30,202.52
225.00,23.26,24.40,24.80,25.20,1,4,0.299,-0.84,0.0117,-0.04,0.17,Put,2025-05-30,202.52
230.00,26.52,28.45,28.83,29.20,2,2,0.27,-0.91,0.0086,-0.01,0.12,Put,2025-05-30,202.52
235.00,,32.85,33.30,33.75,0,0,0.2438,-0.96,0.0051,0.01,0.06,Put,2025-05-30,202.52
240.00,33.2,37.40,37.90,38.40,1,0,0.0,-1.00,0.0000,0.03,0.00,Put,2025-05-30,202.52
245.00,,42.20,42.70,43.20,0,0,0.0,-1.00,0.0000,0.03,0.00,Put,2025-05-30,202.52
250.00,,47.15,47.63,48.10,0,10,0.0,-1.00,0.0000,0.03,0.00,Put,2025-05-30,202.52
255.00,,52.10,52.60,53.10,0,0,0.0,-1.00,0.0000,0.03,0.00,Put,2025-05-30,202.52
260.00,,57.05,57.58,58.10,0,0,0.0,-1.00,0.0000,0.03,0.00,Put,2025-05-30,202.52
265.00,,62.10,62.60,63.10,0,0,0.0,-1.00,0.0000,0.03,0.00,Put,2025-05-30,202.52
270.00,,65.10,66.60,68.10,0,0,0.0,-1.00,0.0000,0.03,0.00,Put,2025-05-30,202.52
275.00,,72.10,72.60,73.10,0,0,0.0,-1.00,0.0000,0.03,0.00,Put,2025-05-30,202.52
280.00,,77.10,77.60,78.10,0,0,0.0,-1.00,0.0000,0.03,0.00,Put,2025-05-30,202.52
285.00,,82.10,82.60,83.10,0,0,0.0,-1.00,0.0000,0.03,0.00,Put,2025-05-30,202.52
290.00,,87.10,87.60,88.10,0,0,0.0,-1.00,0.0000,0.03,0.00,Put,2025-05-30,202.52
295.00,,92.10,92.60,93.10,0,0,0.0,-1.00,0.0000,0.03,0.00,Put,2025-05-30,202.52
300.00,,97.10,97.60,98.10,0,0,0.0,-1.00,0.0000,0.03,0.00,Put,2025-05-30,202.52
305.00,,102.10,102.60,103.10,0,0,0.0,-1.00,0.0000,0.03,0.00,Put,2025-05-30,202.52
310.00,,107.10,107.60,108.10,0,0,0.0,-1.00,0.0000,0.03,0.00,Put,2025-05-30,202.52
315.00,,112.10,112.60,113.10,0,0,0.0,-1.00,0.0000,0.04,0.00,Put,2025-05-30,202.52
320.00,,117.10,117.60,118.10,0,0,0.406,-1.00,0.0001,0.03,0.00,Put,2025-05-30,202.52
325.00,,122.10,122.60,123.10,0,0,0.4818,-1.00,0.0003,0.03,0.01,Put,2025-05-30,202.52
5.00,206.48,197.15,197.98,198.80,2,892,6.8386000000000005,1.00,0.0000,-0.04,0.01,Call,2025-06-20,202.52
10.00,,192.15,192.98,193.80,0,370,4.9287,0.99,0.0000,-0.06,0.02,Call,2025-06-20,202.52
15.00,,187.20,188.02,188.85,0,2,4.1026,0.99,0.0001,-0.07,0.02,Call,2025-06-20,202.52
20.00,,181.15,183.08,185.00,0,9,3.5808,0.99,0.0001,-0.07,0.03,Call,2025-06-20,202.52
25.00,,177.20,178.02,178.85,0,3,3.1688,0.99,0.0001,-0.07,0.03,Call,2025-06-20,202.52
30.00,,172.25,173.05,173.85,0,2,2.8708,0.99,0.0002,-0.07,0.03,Call,2025-06-20,202.52
35.00,,167.25,168.08,168.90,0,9,2.6274,0.98,0.0002,-0.07,0.04,Call,2025-06-20,202.52
40.00,,162.30,163.10,163.90,0,8,2.4221,0.98,0.0002,-0.07,0.04,Call,2025-06-20,202.52
45.00,,157.35,158.15,158.95,0,4,2.2506,0.98,0.0003,-0.08,0.04,Call,2025-06-20,202.52
50.00,,152.40,153.70,155.00,0,1248,2.205,0.97,0.0003,-0.09,0.05,Call,2025-06-20,202.52
55.00,,147.45,148.25,149.05,0,363,1.9650999999999998,0.98,0.0003,-0.08,0.05,Call,2025-06-20,202.52
60.00,,142.50,143.30,144.10,0,326,1.8435,0.97,0.0004,-0.08,0.05,Call,2025-06-20,202.52
65.00,,137.55,138.38,139.20,0,221,1.7369999999999999,0.97,0.0004,-0.08,0.06,Call,2025-06-20,202.52
70.00,,132.55,133.40,134.25,0,316,1.6303999999999998,0.97,0.0005,-0.08,0.06,Call,2025-06-20,202.52
75.00,,127.60,128.95,130.30,0,317,1.6124,0.96,0.0006,-0.09,0.07,Call,2025-06-20,202.52
80.00,,122.70,123.53,124.35,0,338,1.4516999999999998,0.96,0.0006,-0.08,0.07,Call,2025-06-20,202.52
85.00,121.68,116.75,118.10,119.45,76,724,1.2969,0.97,0.0007,-0.07,0.06,Call,2025-06-20,202.52
90.00,,112.85,113.68,114.50,0,487,1.2978999999999998,0.96,0.0008,-0.08,0.07,Call,2025-06-20,202.52
95.00,113.0,107.95,108.78,109.60,1,3691,1.2303,0.96,0.0009,-0.08,0.08,Call,2025-06-20,202.52
100.00,105.45,103.05,103.38,103.70,2,310,1.1033,0.96,0.0009,-0.07,0.08,Call,2025-06-20,202.52
105.00,,98.15,98.48,98.80,0,208,1.0453000000000001,0.96,0.0011,-0.07,0.08,Call,2025-06-20,202.52
110.00,98.65,93.40,93.68,93.95,42,420,1.0009000000000001,0.95,0.0012,-0.08,0.09,Call,2025-06-20,202.52
115.00,90.8,88.40,88.73,89.05,2,389,0.9409000000000001,0.95,0.0014,-0.08,0.09,Call,2025-06-20,202.52
120.00,85.9,83.55,83.85,84.15,10,1227,0.8908,0.94,0.0015,-0.08,0.10,Call,2025-06-20,202.52
125.00,,78.70,79.05,79.40,0,432,0.8487,0.93,0.0018,-0.08,0.11,Call,2025-06-20,202.52
130.00,81.1,73.85,74.20,74.55,1,1066,0.8025,0.93,0.0020,-0.08,0.12,Call,2025-06-20,202.52
135.00,,69.25,70.48,71.70,0,914,0.8403,0.90,0.0024,-0.10,0.14,Call,2025-06-20,202.52
140.00,66.75,62.85,64.88,66.90,4,949,0.7391,0.91,0.0026,-0.09,0.14,Call,2025-06-20,202.52
145.00,60.6,58.90,60.03,61.15,12,815,0.6927,0.90,0.0030,-0.09,0.15,Call,2025-06-20,202.52
150.00,58.3,54.95,55.30,55.65,69,1173,0.6544,0.89,0.0034,-0.09,0.16,Call,2025-06-20,202.52
155.00,53.2,48.60,50.70,52.80,10,812,0.6224000000000001,0.87,0.0039,-0.10,0.18,Call,2025-06-20,202.52
160.00,47.35,46.05,46.33,46.60,78,2189,0.6002000000000001,0.85,0.0045,-0.10,0.20,Call,2025-06-20,202.52
165.00,43.5,41.60,41.88,42.15,60,1782,0.5707,0.83,0.0052,-0.11,0.22,Call,2025-06-20,202.52
170.00,38.05,37.15,37.47,37.80,83,3143,0.5408,0.81,0.0059,-0.11,0.23,Call,2025-06-20,202.52
175.00,34.4,33.10,34.23,35.35,168,3773,0.5529,0.77,0.0065,-0.12,0.26,Call,2025-06-20,202.52
180.00,31.78,29.15,29.40,29.65,144,6340,0.4988,0.74,0.0076,-0.12,0.28,Call,2025-06-20,202.52
185.00,25.5,25.30,25.48,25.65,377,5178,0.4747,0.71,0.0085,-0.12,0.29,Call,2025-06-20,202.52
190.00,22.3,21.75,21.88,22.00,1702,10648,0.456,0.66,0.0094,-0.12,0.31,Call,2025-06-20,202.52
195.00,18.3,18.30,18.38,18.45,1310,14033,0.43439999999999995,0.61,0.0103,-0.12,0.33,Call,2025-06-20,202.52
200.00,15.25,15.20,15.75,16.30,2618,23355,0.4322,0.56,0.0107,-0.12,0.34,Call,2025-06-20,202.52
205.00,12.45,12.25,12.68,13.10,2536,9888,0.409,0.50,0.0114,-0.12,0.34,Call,2025-06-20,202.52
210.00,9.87,9.75,10.08,10.40,3611,20842,0.39189999999999997,0.44,0.0118,-0.11,0.34,Call,2025-06-20,202.52
215.00,7.7,7.65,7.80,7.95,2676,20691,0.3757,0.38,0.0119,-0.10,0.33,Call,2025-06-20,202.52
220.00,5.85,5.75,5.80,5.85,4306,17895,0.35840000000000005,0.32,0.0116,-0.09,0.30,Call,2025-06-20,202.52
225.00,4.4,4.30,4.35,4.40,1964,10926,0.3494,0.26,0.0109,-0.08,0.28,Call,2025-06-20,202.52
230.00,3.2,3.10,3.28,3.45,3537,27413,0.3447,0.21,0.0098,-0.07,0.25,Call,2025-06-20,202.52
235.00,2.4,2.26,2.31,2.36,931,20080,0.335,0.16,0.0086,-0.06,0.21,Call,2025-06-20,202.52
240.00,1.65,1.25,1.66,2.06,2707,22294,0.33039999999999997,0.13,0.0073,-0.05,0.18,Call,2025-06-20,202.52
245.00,1.2,1.16,1.18,1.20,938,21463,0.3273,0.10,0.0061,-0.04,0.14,Call,2025-06-20,202.52
250.00,0.87,0.85,0.88,0.91,2195,31592,0.3289,0.07,0.0050,-0.03,0.12,Call,2025-06-20,202.52
255.00,0.63,0.62,0.71,0.80,602,6527,0.3362,0.06,0.0042,-0.03,0.10,Call,2025-06-20,202.52
260.00,0.47,0.47,0.49,0.50,1038,30133,0.3325,0.04,0.0033,-0.02,0.08,Call,2025-06-20,202.52
265.00,0.36,0.15,0.27,0.39,525,10812,0.31920000000000004,0.03,0.0023,-0.01,0.05,Call,2025-06-20,202.52
270.00,0.29,0.15,0.22,0.30,521,17013,0.32789999999999997,0.02,0.0019,-0.01,0.05,Call,2025-06-20,202.52
275.00,0.3,0.22,0.24,0.25,121,6534,0.34729999999999994,0.02,0.0018,-0.01,0.05,Call,2025-06-20,202.52
280.00,0.22,0.18,0.20,0.21,213,12319,0.3544,0.02,0.0015,-0.01,0.04,Call,2025-06-20,202.52
285.00,0.2,0.16,0.17,0.17,7,3466,0.36210000000000003,0.02,0.0013,-0.01,0.03,Call,2025-06-20,202.52
290.00,0.14,0.12,0.14,0.15,12,6111,0.3677,0.01,0.0011,-0.01,0.03,Call,2025-06-20,202.52
295.00,0.24,0.10,0.12,0.13,6,1577,0.37479999999999997,0.01,0.0009,-0.01,0.02,Call,2025-06-20,202.52
300.00,0.1,0.10,0.11,0.11,287,25625,0.3847,0.01,0.0008,-0.01,0.02,Call,2025-06-20,202.52
310.00,0.07,0.06,0.08,0.09,3222,7205,0.3962,0.01,0.0006,-0.01,0.02,Call,2025-06-20,202.52
320.00,0.08,0.04,0.05,0.06,12,5784,0.40369999999999995,0.00,0.0004,0.00,0.01,Call,2025-06-20,202.52
330.00,0.06,0.03,0.05,0.06,1,2701,0.4228,0.00,0.0003,0.00,0.01,Call,2025-06-20,202.52
340.00,0.05,0.02,0.04,0.05,117,2343,0.43450000000000005,0.00,0.0003,0.00,0.01,Call,2025-06-20,202.52
350.00,0.05,0.03,0.04,0.05,120,8709,0.46159999999999995,0.00,0.0003,0.00,0.01,Call,2025-06-20,202.52
360.00,0.02,0.01,0.03,0.04,14,6799,0.4618,0.00,0.0002,0.00,0.01,Call,2025-06-20,202.52
5.00,,0.00,0.01,0.01,0,5123,2.6861,0.00,0.0000,0.00,0.00,Put,2025-06-20,202.52
10.00,,0.00,0.11,0.21,0,2785,2.8711,0.00,0.0000,-0.01,0.00,Put,2025-06-20,202.52
15.00,,0.00,0.01,0.02,0,13,1.9528999999999999,0.00,0.0000,0.00,0.00,Put,2025-06-20,202.52
20.00,,0.00,0.11,0.22,0,10,2.1831,0.00,0.0000,-0.01,0.00,Put,2025-06-20,202.52
25.00,0.01,0.00,0.01,0.02,1,81,1.5614,0.00,0.0000,0.00,0.00,Put,2025-06-20,202.52
30.00,,0.00,0.01,0.02,0,114,1.4243000000000001,0.00,0.0000,0.00,0.00,Put,2025-06-20,202.52
35.00,,0.00,0.02,0.03,0,651,1.3538,0.00,0.0000,0.00,0.00,Put,2025-06-20,202.52
40.00,,0.00,0.02,0.03,0,44,1.2515,0.00,0.0000,0.00,0.00,Put,2025-06-20,202.52
45.00,0.02,0.00,0.02,0.03,21,998,1.1617,0.00,0.0000,0.00,0.00,Put,2025-06-20,202.52
50.00,0.01,0.01,0.03,0.04,8,3334,1.1315,0.00,0.0000,0.00,0.00,Put,2025-06-20,202.52
55.00,0.04,0.02,0.04,0.05,3,1238,1.09,0.00,0.0000,0.00,0.00,Put,2025-06-20,202.52
60.00,0.05,0.04,0.06,0.07,5,1910,1.0664,0.00,0.0001,0.00,0.00,Put,2025-06-20,202.52
65.00,0.05,0.05,0.06,0.07,401,2114,1.0079,0.00,0.0001,0.00,0.01,Put,2025-06-20,202.52
70.00,0.06,0.07,0.08,0.08,19,4590,0.9678,0.00,0.0001,-0.01,0.01,Put,2025-06-20,202.52
75.00,0.09,0.09,0.11,0.12,5,5524,0.9431999999999999,0.00,0.0001,-0.01,0.01,Put,2025-06-20,202.52
80.00,0.14,0.11,0.13,0.14,24,1737,0.9037999999999999,0.00,0.0002,-0.01,0.01,Put,2025-06-20,202.52
85.00,0.16,0.15,0.16,0.18,4,2707,0.8783,-0.01,0.0002,-0.01,0.01,Put,2025-06-20,202.52
90.00,0.19,0.19,0.21,0.22,3671,3461,0.8482,-0.01,0.0003,-0.01,0.02,Put,2025-06-20,202.52
95.00,0.22,0.23,0.25,0.27,112,1137,0.818,-0.01,0.0004,-0.01,0.02,Put,2025-06-20,202.52
100.00,0.32,0.29,0.31,0.33,424,3671,0.7914,-0.01,0.0005,-0.02,0.03,Put,2025-06-20,202.52
105.00,0.33,0.36,0.38,0.40,6,2935,0.765,-0.01,0.0006,-0.02,0.03,Put,2025-06-20,202.52
110.00,0.42,0.44,0.46,0.48,15,2020,0.7386,-0.02,0.0007,-0.02,0.04,Put,2025-06-20,202.52
115.00,0.55,0.53,0.55,0.56,13,1922,0.7106999999999999,-0.02,0.0009,-0.02,0.04,Put,2025-06-20,202.52
120.00,0.61,0.64,0.66,0.67,9,3353,0.6857,-0.03,0.0010,-0.03,0.05,Put,2025-06-20,202.52
125.00,0.71,0.36,0.58,0.79,104,3714,0.624,-0.03,0.0011,-0.02,0.05,Put,2025-06-20,202.52
130.00,0.92,0.80,0.87,0.93,458,3687,0.6271,-0.04,0.0015,-0.03,0.07,Put,2025-06-20,202.52
135.00,1.08,0.87,0.99,1.11,390,3758,0.5982,-0.04,0.0018,-0.03,0.08,Put,2025-06-20,202.52
140.00,1.28,1.28,1.30,1.31,309,14682,0.5874,-0.06,0.0022,-0.04,0.10,Put,2025-06-20,202.52
145.00,1.36,1.28,1.59,1.89,264,5922,0.569,-0.07,0.0027,-0.05,0.11,Put,2025-06-20,202.52
150.00,1.69,1.81,1.94,2.06,2627,15209,0.551,-0.08,0.0032,-0.05,0.13,Put,2025-06-20,202.52
155.00,2.19,2.15,2.19,2.23,1167,7268,0.5222,-0.10,0.0038,-0.05,0.14,Put,2025-06-20,202.52
160.00,2.61,2.41,2.64,2.86,1366,10951,0.5029,-0.11,0.0045,-0.06,0.17,Put,2025-06-20,202.52
165.00,3.07,3.05,3.13,3.20,1685,12979,0.4818,-0.14,0.0053,-0.06,0.19,Put,2025-06-20,202.52
170.00,3.76,3.40,4.08,4.75,1298,12490,0.4782,-0.17,0.0062,-0.07,0.22,Put,2025-06-20,202.52
175.00,4.6,4.45,4.70,4.95,2375,16744,0.45299999999999996,-0.20,0.0072,-0.08,0.24,Put,2025-06-20,202.52
180.00,5.5,5.45,5.53,5.60,2681,33258,0.4315,-0.23,0.0083,-0.08,0.26,Put,2025-06-20,202.52
185.00,6.65,6.55,6.65,6.75,2144,9667,0.4153,-0.28,0.0094,-0.08,0.29,Put,2025-06-20,202.52
190.00,7.95,7.95,8.03,8.10,1299,23153,0.4008,-0.33,0.0105,-0.09,0.31,Put,2025-06-20,202.52
195.00,9.6,8.55,9.20,9.85,1431,14623,0.373,-0.38,0.0119,-0.08,0.32,Put,2025-06-20,202.52
200.00,11.4,10.45,11.50,12.55,5042,38077,0.37170000000000003,-0.44,0.0124,-0.08,0.34,Put,2025-06-20,202.52
205.00,13.5,12.55,13.15,13.75,1889,12106,0.3422,-0.51,0.0136,-0.08,0.34,Put,2025-06-20,202.52
210.00,16.02,15.95,16.08,16.20,903,28981,0.3408,-0.57,0.0135,-0.07,0.33,Put,2025-06-20,202.52
215.00,18.25,16.50,17.80,19.10,288,9100,0.2916,-0.67,0.0146,-0.05,0.31,Put,2025-06-20,202.52
220.00,22.07,19.60,20.95,22.30,465,11911,0.2726,-0.75,0.0137,-0.04,0.27,Put,2025-06-20,202.52
225.00,25.68,25.30,25.60,25.90,104,16621,0.2983,-0.78,0.0116,-0.04,0.25,Put,2025-06-20,202.52
230.00,27.0,29.15,29.48,29.80,81,12290,0.2845,-0.84,0.0099,-0.02,0.21,Put,2025-06-20,202.52
235.00,30.3,32.35,33.58,34.80,75,10630,0.2657,-0.90,0.0078,-0.01,0.15,Put,2025-06-20,202.52
240.00,35.2,36.00,37.88,39.75,120,4419,0.2343,-0.95,0.0050,0.01,0.08,Put,2025-06-20,202.52
245.00,41.0,42.80,43.03,43.25,66,4524,0.2774,-0.94,0.0049,0.00,0.10,Put,2025-06-20,202.52
250.00,46.75,47.20,47.68,48.15,15,3195,0.2591,-0.97,0.0031,0.02,0.06,Put,2025-06-20,202.52
255.00,49.7,50.05,51.55,53.05,2,585,0.0,-1.00,0.0000,0.03,0.00,Put,2025-06-20,202.52
260.00,57.2,55.10,56.58,58.05,3,65,0.0,-1.00,0.0000,0.03,0.00,Put,2025-06-20,202.52
265.00,59.25,62.25,62.65,63.05,53,51,0.3312,-0.97,0.0026,0.01,0.06,Put,2025-06-20,202.52
270.00,,65.00,66.53,68.05,0,2,0.0,-1.00,0.0000,0.03,0.00,Put,2025-06-20,202.52
275.00,,72.20,72.63,73.05,0,0,0.37579999999999997,-0.97,0.0023,0.01,0.06,Put,2025-06-20,202.52
280.00,,77.20,77.63,78.05,0,0,0.3994,-0.97,0.0022,0.01,0.06,Put,2025-06-20,202.52
285.00,,82.20,82.63,83.05,0,0,0.4227,-0.97,0.0021,0.01,0.07,Put,2025-06-20,202.52
290.00,,85.10,86.55,88.00,0,0,0.0,-1.00,0.0000,0.03,0.00,Put,2025-06-20,202.52
295.00,,92.20,92.63,93.05,0,0,0.46799999999999997,-0.96,0.0020,0.01,0.07,Put,2025-06-20,202.52
300.00,,96.05,97.03,98.00,0,0,0.0,-1.00,0.0000,0.03,0.00,Put,2025-06-20,202.52
310.00,,107.20,107.63,108.05,0,0,0.5331,-0.96,0.0018,0.00,0.07,Put,2025-06-20,202.52
320.00,,115.50,116.75,118.00,0,1,0.0,-1.00,0.0000,0.04,0.00,Put,2025-06-20,202.52
330.00,,125.10,126.53,127.95,0,0,0.0,-1.00,0.0000,0.04,0.00,Put,2025-06-20,202.52
340.00,,137.10,137.55,138.00,0,0,0.6444,-0.96,0.0015,0.00,0.07,Put,2025-06-20,202.52
350.00,,145.60,146.83,148.05,0,0,0.5273,-0.99,0.0006,0.03,0.02,Put,2025-06-20,202.52
360.00,,155.30,156.68,158.05,0,0,0.5043,-1.00,0.0003,0.04,0.01,Put,2025-06-20,202.52
90.00,,112.30,113.68,115.05,0,0,1.0676999999999999,0.96,0.0008,-0.06,0.08,Call,2025-07-18,202.52
95.00,111.3,108.45,109.33,110.20,12,0,1.0683,0.95,0.0009,-0.07,0.10,Call,2025-07-18,202.52
100.00,,103.55,104.43,105.30,0,63,1.0108,0.95,0.0010,-0.07,0.11,Call,2025-07-18,202.52
105.00,103.58,98.70,99.58,100.45,10,29,0.9601999999999999,0.94,0.0011,-0.07,0.11,Call,2025-07-18,202.52
110.00,94.8,93.85,94.73,95.60,34,22,0.9114,0.94,0.0013,-0.07,0.12,Call,2025-07-18,202.52
115.00,90.0,89.00,90.40,91.80,1,53,0.9034,0.93,0.0015,-0.08,0.14,Call,2025-07-18,202.52
120.00,85.43,84.20,85.10,86.00,4,223,0.8237000000000001,0.93,0.0016,-0.07,0.14,Call,2025-07-18,202.52
125.00,80.69,79.45,79.83,80.20,13,2604,0.7492,0.93,0.0018,-0.07,0.14,Call,2025-07-18,202.52
130.00,,74.70,75.08,75.45,0,276,0.7138,0.92,0.0020,-0.07,0.15,Call,2025-07-18,202.52
135.00,70.9,70.00,70.88,71.75,7,420,0.7112999999999999,0.90,0.0023,-0.08,0.17,Call,2025-07-18,202.52
140.00,66.1,65.45,66.70,67.95,58,432,0.7038,0.89,0.0027,-0.09,0.19,Call,2025-07-18,202.52
145.00,63.1,60.80,62.15,63.50,2,185,0.674,0.88,0.0030,-0.09,0.21,Call,2025-07-18,202.52
150.00,58.5,56.30,56.53,56.75,5,428,0.5936,0.88,0.0034,-0.08,0.21,Call,2025-07-18,202.52
155.00,55.25,51.85,52.53,53.20,13,139,0.589,0.85,0.0038,-0.09,0.23,Call,2025-07-18,202.52
160.00,49.85,47.45,48.73,50.00,9,250,0.5869,0.83,0.0043,-0.09,0.26,Call,2025-07-18,202.52
165.00,46.0,43.15,44.30,45.45,31,185,0.557,0.81,0.0048,-0.10,0.28,Call,2025-07-18,202.52
170.00,40.1,39.00,39.75,40.50,131,560,0.5213,0.79,0.0055,-0.10,0.30,Call,2025-07-18,202.52
175.00,37.7,34.05,35.58,37.10,231,474,0.4964,0.76,0.0061,-0.10,0.32,Call,2025-07-18,202.52
180.00,32.2,31.05,31.13,31.20,883,1724,0.4607,0.73,0.0070,-0.09,0.33,Call,2025-07-18,202.52
185.00,27.5,26.70,28.10,29.50,248,1150,0.46340000000000003,0.69,0.0074,-0.10,0.36,Call,2025-07-18,202.52
190.00,25.0,23.10,24.53,25.95,204,1487,0.44530000000000003,0.66,0.0081,-0.10,0.38,Call,2025-07-18,202.52
195.00,20.65,19.65,20.63,21.60,623,1959,0.4146,0.61,0.0090,-0.10,0.39,Call,2025-07-18,202.52
200.00,17.65,17.00,17.63,18.25,775,3309,0.4025,0.57,0.0096,-0.10,0.40,Call,2025-07-18,202.52
205.00,14.64,14.45,15.05,15.65,1351,1916,0.3954,0.52,0.0099,-0.10,0.41,Call,2025-07-18,202.52
210.00,12.1,11.90,11.98,12.05,985,3054,0.3701,0.46,0.0105,-0.09,0.41,Call,2025-07-18,202.52
215.00,10.77,9.05,9.58,10.10,491,6751,0.3553,0.41,0.0107,-0.08,0.40,Call,2025-07-18,202.52
220.00,7.82,7.65,7.73,7.80,1658,5261,0.3477,0.35,0.0105,-0.08,0.38,Call,2025-07-18,202.52
225.00,6.1,6.00,6.55,7.10,1465,7157,0.3522,0.31,0.0098,-0.07,0.36,Call,2025-07-18,202.52
230.00,4.65,4.60,4.65,4.70,44296,6032,0.32939999999999997,0.25,0.0095,-0.06,0.33,Call,2025-07-18,202.52
235.00,3.47,3.45,3.78,4.10,766,3764,0.3306,0.21,0.0086,-0.06,0.30,Call,2025-07-18,202.52
240.00,2.65,2.50,2.65,2.80,2252,6631,0.3164,0.17,0.0077,-0.05,0.25,Call,2025-07-18,202.52
245.00,2.37,1.94,1.97,2.00,493,4384,0.3116,0.13,0.0067,-0.04,0.22,Call,2025-07-18,202.52
250.00,1.46,1.45,1.48,1.51,22826,36843,0.3094,0.10,0.0058,-0.03,0.19,Call,2025-07-18,202.52
255.00,1.12,1.09,1.11,1.13,538,5057,0.308,0.08,0.0048,-0.03,0.16,Call,2025-07-18,202.52
260.00,0.83,0.82,0.92,1.02,963,3973,0.31379999999999997,0.07,0.0042,-0.02,0.14,Call,2025-07-18,202.52
265.00,0.77,0.63,0.65,0.66,150,3986,0.3089,0.05,0.0034,-0.02,0.11,Call,2025-07-18,202.52
270.00,0.52,0.50,0.52,0.53,196,7432,0.3124,0.04,0.0028,-0.02,0.09,Call,2025-07-18,202.52
275.00,0.4,0.18,0.35,0.52,137,4520,0.3074,0.03,0.0022,-0.01,0.07,Call,2025-07-18,202.52
280.00,0.35,0.30,0.31,0.32,499,5422,0.316,0.03,0.0019,-0.01,0.06,Call,2025-07-18,202.52
285.00,0.29,0.24,0.26,0.28,120,6164,0.3215,0.02,0.0016,-0.01,0.05,Call,2025-07-18,202.52
290.00,0.25,0.20,0.32,0.43,17,1562,0.3447,0.03,0.0017,-0.01,0.06,Call,2025-07-18,202.52
295.00,0.24,0.16,0.18,0.20,1,1539,0.3308,0.02,0.0012,-0.01,0.04,Call,2025-07-18,202.52
300.00,0.17,0.13,0.15,0.17,194,1533,0.335,0.01,0.0010,-0.01,0.03,Call,2025-07-18,202.52
305.00,0.17,0.11,0.13,0.15,1,2497,0.3408,0.01,0.0009,-0.01,0.03,Call,2025-07-18,202.52
310.00,0.13,0.09,0.11,0.13,18,1765,0.3452,0.01,0.0007,-0.01,0.03,Call,2025-07-18,202.52
315.00,,0.08,0.10,0.12,0,548,0.35229999999999995,0.01,0.0007,0.00,0.02,Call,2025-07-18,202.52
320.00,0.09,0.09,0.10,0.10,1,225,0.361,0.01,0.0006,0.00,0.02,Call,2025-07-18,202.52
325.00,0.11,0.05,0.07,0.09,1,360,0.3591,0.01,0.0005,0.00,0.02,Call,2025-07-18,202.52
330.00,0.09,0.05,0.07,0.09,38,250,0.3691,0.01,0.0005,0.00,0.02,Call,2025-07-18,202.52
340.00,,0.04,0.06,0.07,0,299,0.379,0.00,0.0004,0.00,0.01,Call,2025-07-18,202.52
350.00,,0.00,0.03,0.06,0,204,0.37479999999999997,0.00,0.0002,0.00,0.01,Call,2025-07-18,202.52
360.00,,0.01,0.03,0.06,0,116,0.3975,0.00,0.0002,0.00,0.01,Call,2025-07-18,202.52
370.00,0.05,0.01,0.03,0.05,1,73,0.4082,0.00,0.0002,0.00,0.01,Call,2025-07-18,202.52
380.00,0.05,0.02,0.04,0.05,4,275,0.4302,0.00,0.0002,0.00,0.01,Call,2025-07-18,202.52
390.00,0.06,0.02,0.03,0.04,5,133,0.4396,0.00,0.0002,0.00,0.01,Call,2025-07-18,202.52
400.00,0.03,0.01,0.03,0.04,26,5872,0.4473,0.00,0.0001,0.00,0.01,Call,2025-07-18,202.52
90.00,0.32,0.32,0.34,0.36,21,54,0.7658,-0.01,0.0004,-0.01,0.03,Put,2025-07-18,202.52
95.00,0.35,0.39,0.41,0.43,2,21,0.7399,-0.01,0.0005,-0.01,0.04,Put,2025-07-18,202.52
100.00,0.46,0.47,0.49,0.51,169,119,0.7145999999999999,-0.02,0.0006,-0.02,0.04,Put,2025-07-18,202.52
105.00,0.61,0.56,0.59,0.61,5,24,0.6906,-0.02,0.0007,-0.02,0.05,Put,2025-07-18,202.52
110.00,0.69,0.50,0.71,0.91,36,62,0.6689,-0.02,0.0008,-0.02,0.06,Put,2025-07-18,202.52
115.00,0.81,0.79,0.81,0.83,18,475,0.6426000000000001,-0.03,0.0010,-0.02,0.07,Put,2025-07-18,202.52
120.00,0.9,0.94,0.96,0.97,27,342,0.6204,-0.03,0.0012,-0.02,0.08,Put,2025-07-18,202.52
125.00,1.0,1.10,1.12,1.14,49,459,0.5982999999999999,-0.04,0.0014,-0.03,0.09,Put,2025-07-18,202.52
130.00,1.18,1.29,1.32,1.35,8,966,0.5778,-0.05,0.0017,-0.03,0.10,Put,2025-07-18,202.52
135.00,1.4,1.52,1.55,1.57,122,479,0.5571,-0.06,0.0020,-0.03,0.12,Put,2025-07-18,202.52
140.00,1.64,1.60,1.71,1.81,260,19771,0.5291,-0.07,0.0024,-0.03,0.13,Put,2025-07-18,202.52
145.00,1.92,1.70,2.03,2.36,73,748,0.5117,-0.08,0.0028,-0.04,0.15,Put,2025-07-18,202.52
150.00,2.24,2.45,2.50,2.55,242,1747,0.49979999999999997,-0.09,0.0033,-0.04,0.17,Put,2025-07-18,202.52
155.00,2.65,2.89,2.94,2.99,117,1356,0.48210000000000003,-0.11,0.0039,-0.05,0.19,Put,2025-07-18,202.52
160.00,3.45,3.00,3.30,3.60,906,2688,0.4575,-0.13,0.0045,-0.05,0.21,Put,2025-07-18,202.52
165.00,4.1,4.05,4.13,4.20,4505,13729,0.45049999999999996,-0.15,0.0052,-0.05,0.24,Put,2025-07-18,202.52
170.00,4.55,4.00,4.48,4.95,2641,6452,0.4202,-0.18,0.0060,-0.05,0.26,Put,2025-07-18,202.52
175.00,5.45,5.05,5.45,5.85,2817,7813,0.41,-0.21,0.0069,-0.06,0.29,Put,2025-07-18,202.52
180.00,6.8,6.70,6.80,6.90,1969,5229,0.4065,-0.25,0.0076,-0.06,0.32,Put,2025-07-18,202.52
185.00,7.25,7.90,8.03,8.15,675,3668,0.3931,-0.29,0.0085,-0.07,0.35,Put,2025-07-18,202.52
190.00,9.44,9.35,9.43,9.50,1337,3973,0.3795,-0.33,0.0094,-0.07,0.37,Put,2025-07-18,202.52
195.00,10.05,10.95,11.08,11.20,535,3176,0.3671,-0.38,0.0102,-0.07,0.39,Put,2025-07-18,202.52
200.00,12.95,11.95,12.98,14.00,2011,11882,0.3552,-0.43,0.0109,-0.06,0.40,Put,2025-07-18,202.52
205.00,14.86,14.05,14.65,15.25,705,4572,0.33149999999999996,-0.49,0.0118,-0.06,0.41,Put,2025-07-18,202.52
210.00,15.5,15.35,17.10,18.85,517,5094,0.32020000000000004,-0.55,0.0121,-0.05,0.40,Put,2025-07-18,202.52
215.00,18.6,18.00,19.90,21.80,94,4807,0.3103,-0.62,0.0121,-0.05,0.39,Put,2025-07-18,202.52
220.00,21.35,22.10,23.40,24.70,94,5064,0.3114,-0.67,0.0114,-0.04,0.37,Put,2025-07-18,202.52
225.00,26.7,24.50,25.75,27.00,12,3670,0.2709,-0.75,0.0114,-0.03,0.32,Put,2025-07-18,202.52
230.00,28.62,29.10,30.35,31.60,40,3625,0.29,-0.78,0.0099,-0.03,0.30,Put,2025-07-18,202.52
235.00,32.45,32.15,33.45,34.75,11,2390,0.2459,-0.87,0.0085,-0.01,0.22,Put,2025-07-18,202.52
240.00,38.7,36.50,37.80,39.10,3,1661,0.2378,-0.91,0.0067,0.00,0.17,Put,2025-07-18,202.52
245.00,39.16,41.00,42.35,43.70,1,1108,0.2304,-0.94,0.0050,0.01,0.12,Put,2025-07-18,202.52
250.00,47.75,47.45,47.88,48.30,11,855,0.29059999999999997,-0.91,0.0054,0.00,0.16,Put,2025-07-18,202.52
255.00,49.85,52.25,52.70,53.15,12,933,0.30260000000000004,-0.92,0.0047,0.00,0.15,Put,2025-07-18,202.52
260.00,,57.10,57.60,58.10,0,10,0.31829999999999997,-0.93,0.0042,0.00,0.14,Put,2025-07-18,202.52
265.00,,62.10,62.60,63.10,0,25,0.3403,-0.93,0.0039,0.00,0.14,Put,2025-07-18,202.52
270.00,,65.00,66.55,68.10,0,2,0.21600000000000003,-0.99,0.0007,0.03,0.02,Put,2025-07-18,202.52
275.00,,72.10,72.60,73.10,0,0,0.3832,-0.93,0.0035,0.00,0.14,Put,2025-07-18,202.52
280.00,,77.10,77.57,78.05,0,0,0.4022,-0.93,0.0033,0.00,0.14,Put,2025-07-18,202.52
285.00,82.04,82.10,82.60,83.10,4,0,0.42450000000000004,-0.93,0.0031,0.00,0.14,Put,2025-07-18,202.52
290.00,83.29,87.10,87.60,88.10,1,0,0.4445,-0.93,0.0030,0.00,0.14,Put,2025-07-18,202.52
295.00,,90.20,91.65,93.10,0,0,0.3713,-0.97,0.0017,0.02,0.07,Put,2025-07-18,202.52
300.00,,95.30,96.68,98.05,0,0,0.39590000000000003,-0.97,0.0018,0.02,0.07,Put,2025-07-18,202.52
305.00,,100.10,101.57,103.05,0,0,0.40240000000000004,-0.97,0.0016,0.02,0.07,Put,2025-07-18,202.52
310.00,,107.10,107.60,108.10,0,0,0.5216,-0.93,0.0025,-0.01,0.14,Put,2025-07-18,202.52
315.00,,112.10,112.60,113.10,0,0,0.54,-0.93,0.0025,-0.01,0.14,Put,2025-07-18,202.52
320.00,,117.10,117.57,118.05,0,0,0.5564,-0.93,0.0024,-0.01,0.14,Put,2025-07-18,202.52
325.00,,122.10,122.60,123.10,0,0,0.5761999999999999,-0.93,0.0023,-0.01,0.14,Put,2025-07-18,202.52
330.00,,125.10,126.58,128.05,0,0,0.5011,-0.96,0.0016,0.01,0.08,Put,2025-07-18,202.52
340.00,,137.10,137.60,138.10,0,0,0.6284000000000001,-0.93,0.0021,-0.01,0.14,Put,2025-07-18,202.52
350.00,,145.00,146.55,148.10,0,0,0.5707,-0.96,0.0015,0.01,0.09,Put,2025-07-18,202.52
360.00,,155.10,156.60,158.10,0,0,0.6106,-0.96,0.0015,0.01,0.10,Put,2025-07-18,202.52
370.00,,167.10,167.60,168.10,0,0,0.7265,-0.93,0.0019,-0.02,0.14,Put,2025-07-18,202.52
380.00,,177.10,177.60,178.10,0,0,0.7576,-0.93,0.0018,-0.02,0.14,Put,2025-07-18,202.52
390.00,,187.15,187.60,188.05,0,0,0.7878000000000001,-0.92,0.0018,-0.02,0.15,Put,2025-07-18,202.52
400.00,,195.00,196.53,198.05,0,0,0.7318000000000001,-0.95,0.0014,0.00,0.11,Put,2025-07-18,202.52
90.00,,112.60,114.03,115.45,0,1,0.9553,0.96,0.0008,-0.05,0.10,Call,2025-08-15,202.52
95.00,,108.80,109.70,110.60,0,1,0.9545,0.95,0.0009,-0.06,0.12,Call,2025-08-15,202.52
100.00,,104.00,104.90,105.80,0,0,0.9098999999999999,0.95,0.0010,-0.06,0.13,Call,2025-08-15,202.52
105.00,,99.15,99.58,100.00,0,31,0.8264,0.95,0.0011,-0.05,0.12,Call,2025-08-15,202.52
110.00,98.0,94.35,94.78,95.20,1,251,0.7874,0.94,0.0013,-0.05,0.13,Call,2025-08-15,202.52
115.00,90.15,89.60,90.00,90.40,1,78,0.7512000000000001,0.94,0.0014,-0.06,0.14,Call,2025-08-15,202.52
120.00,,84.85,85.28,85.70,0,102,0.7187,0.93,0.0016,-0.06,0.16,Call,2025-08-15,202.52
125.00,,80.15,80.55,80.95,0,46,0.6862,0.92,0.0018,-0.06,0.17,Call,2025-08-15,202.52
130.00,79.25,74.55,76.20,77.85,1,42,0.6743000000000001,0.91,0.0021,-0.06,0.19,Call,2025-08-15,202.52
135.00,,70.85,72.20,73.55,0,78,0.6757,0.89,0.0023,-0.07,0.21,Call,2025-08-15,202.52
140.00,,66.30,67.13,67.95,0,253,0.6244,0.89,0.0026,-0.07,0.22,Call,2025-08-15,202.52
145.00,64.05,61.20,62.85,64.50,2,60,0.6089,0.87,0.0030,-0.07,0.24,Call,2025-08-15,202.52
150.00,58.35,57.45,58.18,58.90,3,468,0.5754,0.86,0.0033,-0.07,0.26,Call,2025-08-15,202.52
155.00,53.75,51.05,53.22,55.40,11,101,0.5318,0.85,0.0038,-0.07,0.27,Call,2025-08-15,202.52
160.00,49.75,47.00,48.55,50.10,7,164,0.4987,0.84,0.0043,-0.07,0.29,Call,2025-08-15,202.52
165.00,48.15,44.60,45.18,45.75,30,461,0.5069,0.80,0.0047,-0.08,0.32,Call,2025-08-15,202.52
170.00,43.15,40.55,40.80,41.05,26,363,0.47950000000000004,0.78,0.0053,-0.08,0.34,Call,2025-08-15,202.52
175.00,38.31,36.60,37.00,37.40,6,498,0.4667,0.76,0.0058,-0.08,0.36,Call,2025-08-15,202.52
180.00,35.45,32.60,32.95,33.30,110,866,0.44409999999999994,0.73,0.0064,-0.08,0.39,Call,2025-08-15,202.52
185.00,30.3,29.15,29.42,29.70,53,377,0.4322,0.69,0.0070,-0.08,0.41,Call,2025-08-15,202.52
190.00,27.45,25.55,26.75,27.95,459,2405,0.4364,0.65,0.0073,-0.09,0.43,Call,2025-08-15,202.52
195.00,25.05,22.30,22.65,23.00,81,808,0.4036,0.62,0.0081,-0.08,0.44,Call,2025-08-15,202.52
200.00,20.25,19.40,20.03,20.65,313,1764,0.4004,0.57,0.0084,-0.09,0.46,Call,2025-08-15,202.52
205.00,18.75,16.70,16.83,16.95,187,1015,0.3804,0.53,0.0090,-0.08,0.46,Call,2025-08-15,202.52
210.00,15.8,13.05,13.73,14.40,339,1848,0.35810000000000003,0.48,0.0096,-0.08,0.46,Call,2025-08-15,202.52
215.00,13.55,10.55,11.53,12.50,152,1520,0.3505,0.43,0.0097,-0.07,0.46,Call,2025-08-15,202.52
220.00,9.75,9.00,9.90,10.80,522,2900,0.3508,0.39,0.0094,-0.07,0.44,Call,2025-08-15,202.52
225.00,8.9,7.75,8.35,8.95,826,5991,0.34840000000000004,0.34,0.0091,-0.07,0.43,Call,2025-08-15,202.52
230.00,6.7,6.25,6.35,6.45,5329,5568,0.3299,0.29,0.0089,-0.06,0.40,Call,2025-08-15,202.52
235.00,5.1,4.95,5.03,5.10,468,2752,0.3225,0.25,0.0084,-0.05,0.37,Call,2025-08-15,202.52
240.00,3.91,3.90,3.97,4.05,591,5302,0.3172,0.21,0.0078,-0.05,0.33,Call,2025-08-15,202.52
245.00,3.1,3.00,3.05,3.10,338,4399,0.3104,0.17,0.0071,-0.04,0.30,Call,2025-08-15,202.52
250.00,2.4,2.14,2.37,2.60,418,6565,0.30670000000000003,0.14,0.0063,-0.04,0.26,Call,2025-08-15,202.52
255.00,2.18,1.80,1.85,1.90,148,4484,0.3045,0.12,0.0055,-0.03,0.23,Call,2025-08-15,202.52
260.00,1.42,1.39,1.42,1.44,561,9307,0.3016,0.09,0.0047,-0.03,0.19,Call,2025-08-15,202.52
265.00,1.1,1.08,1.12,1.16,37,2825,0.3018,0.08,0.0041,-0.02,0.17,Call,2025-08-15,202.52
270.00,0.92,0.84,0.86,0.88,155,1996,0.3003,0.06,0.0035,-0.02,0.14,Call,2025-08-15,202.52
275.00,0.69,0.66,0.68,0.69,136,2418,0.3006,0.05,0.0029,-0.02,0.12,Call,2025-08-15,202.52
280.00,0.6,0.32,0.54,0.75,20648,22545,0.3016,0.04,0.0025,-0.01,0.10,Call,2025-08-15,202.52
285.00,0.49,0.40,0.43,0.45,24,1228,0.3028,0.03,0.0021,-0.01,0.09,Call,2025-08-15,202.52
290.00,0.39,0.32,0.35,0.38,1,3725,0.3057,0.03,0.0018,-0.01,0.07,Call,2025-08-15,202.52
295.00,0.54,0.26,0.29,0.31,1,1533,0.308,0.02,0.0015,-0.01,0.06,Call,2025-08-15,202.52
300.00,0.26,0.25,0.26,0.26,55,1961,0.3143,0.02,0.0013,-0.01,0.06,Call,2025-08-15,202.52
305.00,0.3,0.17,0.20,0.22,39,958,0.3135,0.02,0.0011,-0.01,0.05,Call,2025-08-15,202.52
310.00,0.2,0.14,0.17,0.19,186,1845,0.317,0.01,0.0009,-0.01,0.04,Call,2025-08-15,202.52
315.00,0.18,0.12,0.15,0.17,1,772,0.3218,0.01,0.0008,-0.01,0.04,Call,2025-08-15,202.52
320.00,0.16,0.12,0.14,0.15,2,481,0.3286,0.01,0.0008,0.00,0.03,Call,2025-08-15,202.52
325.00,0.16,0.09,0.11,0.13,1,139,0.33,0.01,0.0006,0.00,0.03,Call,2025-08-15,202.52
330.00,0.12,0.10,0.11,0.12,2,106,0.3392,0.01,0.0006,0.00,0.03,Call,2025-08-15,202.52
340.00,0.14,0.05,0.08,0.10,2,329,0.3421,0.01,0.0004,0.00,0.02,Call,2025-08-15,202.52
350.00,0.08,0.04,0.07,0.09,3,618,0.35340000000000005,0.01,0.0004,0.00,0.02,Call,2025-08-15,202.52
360.00,0.1,0.03,0.05,0.07,1,157,0.35950000000000004,0.00,0.0003,0.00,0.01,Call,2025-08-15,202.52
370.00,0.05,0.05,0.06,0.07,66,194,0.3814,0.00,0.0003,0.00,0.02,Call,2025-08-15,202.52
380.00,,0.04,0.05,0.06,0,84,0.38909999999999995,0.00,0.0003,0.00,0.01,Call,2025-08-15,202.52
390.00,0.04,0.02,0.04,0.05,241,6248,0.3899,0.00,0.0002,0.00,0.01,Call,2025-08-15,202.52
90.00,0.5,0.46,0.59,0.71,3,66,0.7343999999999999,-0.02,0.0005,-0.01,0.05,Put,2025-08-15,202.52
95.00,0.53,0.55,0.68,0.80,4,37,0.7073999999999999,-0.02,0.0006,-0.02,0.05,Put,2025-08-15,202.52
100.00,0.74,0.66,0.68,0.70,129,156,0.6655,-0.02,0.0006,-0.02,0.06,Put,2025-08-15,202.52
105.00,0.93,0.78,0.80,0.83,6,1249,0.644,-0.02,0.0008,-0.02,0.07,Put,2025-08-15,202.52
110.00,0.94,0.92,0.95,0.97,11,106,0.6228,-0.03,0.0009,-0.02,0.08,Put,2025-08-15,202.52
115.00,1.04,1.08,1.11,1.13,3,57,0.6021,-0.04,0.0011,-0.02,0.09,Put,2025-08-15,202.52
120.00,1.23,1.27,1.30,1.32,32,1773,0.5828,-0.04,0.0013,-0.02,0.10,Put,2025-08-15,202.52
125.00,1.35,1.48,1.51,1.54,18,1300,0.5635,-0.05,0.0015,-0.03,0.12,Put,2025-08-15,202.52
130.00,1.83,1.53,1.66,1.79,5,499,0.5375,-0.06,0.0018,-0.03,0.13,Put,2025-08-15,202.52
135.00,1.88,2.01,2.14,2.27,219,202,0.5333,-0.07,0.0021,-0.03,0.15,Put,2025-08-15,202.52
140.00,2.22,2.16,2.49,2.81,77,489,0.5159,-0.08,0.0025,-0.03,0.17,Put,2025-08-15,202.52
145.00,2.75,2.54,2.80,3.05,252,439,0.49450000000000005,-0.09,0.0029,-0.04,0.19,Put,2025-08-15,202.52
150.00,3.05,3.20,3.25,3.30,308,1117,0.47840000000000005,-0.11,0.0033,-0.04,0.22,Put,2025-08-15,202.52
155.00,3.5,3.75,3.80,3.85,64,1112,0.46380000000000005,-0.13,0.0038,-0.04,0.24,Put,2025-08-15,202.52
160.00,4.0,4.35,4.43,4.50,155,1149,0.44920000000000004,-0.15,0.0044,-0.05,0.27,Put,2025-08-15,202.52
165.00,4.64,5.10,5.18,5.25,3723,3180,0.4359,-0.17,0.0050,-0.05,0.29,Put,2025-08-15,202.52
170.00,5.4,4.95,5.53,6.10,1112,3384,0.4068,-0.19,0.0057,-0.05,0.31,Put,2025-08-15,202.52
175.00,6.31,7.00,7.08,7.15,441,2548,0.41159999999999997,-0.23,0.0063,-0.05,0.35,Put,2025-08-15,202.52
180.00,7.35,8.10,8.18,8.25,78,4142,0.3982,-0.26,0.0070,-0.05,0.38,Put,2025-08-15,202.52
185.00,8.5,8.40,9.00,9.60,87,2897,0.3743,-0.29,0.0079,-0.05,0.40,Put,2025-08-15,202.52
190.00,10.0,10.95,11.02,11.10,58,3985,0.3761,-0.34,0.0084,-0.06,0.42,Put,2025-08-15,202.52
195.00,12.55,11.65,12.38,13.10,107,3061,0.35719999999999996,-0.38,0.0092,-0.05,0.44,Put,2025-08-15,202.52
200.00,14.67,13.60,14.35,15.10,149,5358,0.3481,-0.43,0.0097,-0.05,0.46,Put,2025-08-15,202.52
205.00,16.75,16.65,16.78,16.90,93,5232,0.34369999999999995,-0.48,0.0100,-0.05,0.46,Put,2025-08-15,202.52
210.00,19.25,17.40,18.98,20.55,105,20004,0.3295,-0.53,0.0104,-0.05,0.46,Put,2025-08-15,202.52
215.00,21.77,21.70,21.85,22.00,70,3432,0.3246,-0.58,0.0104,-0.04,0.45,Put,2025-08-15,202.52
220.00,25.65,24.60,24.90,25.20,33,4996,0.31829999999999997,-0.63,0.0102,-0.04,0.44,Put,2025-08-15,202.52
225.00,26.15,25.65,27.05,28.45,24,4069,0.2842,-0.70,0.0105,-0.03,0.40,Put,2025-08-15,202.52
230.00,31.4,31.35,31.68,32.00,10,2468,0.305,-0.73,0.0093,-0.03,0.38,Put,2025-08-15,202.52
235.00,34.4,33.00,34.35,35.70,42,1274,0.2671,-0.81,0.0089,-0.01,0.32,Put,2025-08-15,202.52
240.00,37.55,37.00,38.43,39.85,15,1510,0.2611,-0.85,0.0078,-0.01,0.27,Put,2025-08-15,202.52
245.00,41.2,43.40,43.83,44.25,4,736,0.2993,-0.84,0.0070,-0.01,0.28,Put,2025-08-15,202.52
250.00,47.2,47.95,48.25,48.55,12,1108,0.3009,-0.86,0.0062,-0.01,0.25,Put,2025-08-15,202.52
255.00,,52.40,52.88,53.35,0,354,0.3074,-0.88,0.0055,0.00,0.23,Put,2025-08-15,202.52
260.00,,57.15,57.65,58.15,0,448,0.3184,-0.89,0.0050,0.00,0.21,Put,2025-08-15,202.52
265.00,,60.00,61.55,63.10,0,12,0.2752,-0.94,0.0036,0.01,0.13,Put,2025-08-15,202.52
270.00,,67.05,67.60,68.15,0,45,0.3569,-0.90,0.0043,0.00,0.21,Put,2025-08-15,202.52
275.00,,72.10,72.60,73.10,0,0,0.3766,-0.90,0.0040,0.00,0.20,Put,2025-08-15,202.52
280.00,,77.05,77.60,78.15,0,0,0.396,-0.90,0.0038,0.00,0.20,Put,2025-08-15,202.52
285.00,,82.05,82.60,83.15,0,0,0.415,-0.90,0.0036,0.00,0.20,Put,2025-08-15,202.52
290.00,,87.05,87.60,88.15,0,0,0.4336,-0.90,0.0034,-0.01,0.20,Put,2025-08-15,202.52
295.00,,92.05,92.60,93.15,0,0,0.45189999999999997,-0.90,0.0033,-0.01,0.20,Put,2025-08-15,202.52
300.00,,97.10,97.60,98.10,0,0,0.46990000000000004,-0.90,0.0032,-0.01,0.20,Put,2025-08-15,202.52
305.00,,102.05,102.60,103.15,0,0,0.4876,-0.90,0.0030,-0.01,0.20,Put,2025-08-15,202.52
310.00,,107.10,107.60,108.10,0,0,0.505,-0.90,0.0029,-0.01,0.20,Put,2025-08-15,202.52
315.00,,112.05,112.60,113.15,0,0,0.522,-0.90,0.0028,-0.01,0.20,Put,2025-08-15,202.52
320.00,,117.05,117.60,118.15,0,0,0.5389,-0.90,0.0027,-0.01,0.20,Put,2025-08-15,202.52
325.00,,122.05,122.60,123.15,0,0,0.5555,-0.90,0.0027,-0.01,0.20,Put,2025-08-15,202.52
330.00,,127.05,127.60,128.15,0,0,0.5718,-0.90,0.0026,-0.01,0.20,Put,2025-08-15,202.52
340.00,,137.05,137.60,138.15,0,0,0.6037,-0.90,0.0024,-0.01,0.20,Put,2025-08-15,202.52
350.00,,147.05,147.60,148.15,0,0,0.6347,-0.90,0.0023,-0.02,0.20,Put,2025-08-15,202.52
360.00,,157.10,157.63,158.15,0,0,0.6661,-0.90,0.0022,-0.02,0.20,Put,2025-08-15,202.52
370.00,,167.05,167.60,168.15,0,0,0.6942,-0.90,0.0022,-0.02,0.20,Put,2025-08-15,202.52
380.00,,177.10,177.60,178.10,0,0,0.7228,-0.90,0.0021,-0.02,0.20,Put,2025-08-15,202.52
390.00,186.7,187.05,187.60,188.15,2,0,0.7506,-0.90,0.0020,-0.02,0.20,Put,2025-08-15,202.52
5.00,197.99,196.00,197.45,198.90,1,17,4.2042,1.00,0.0000,-0.02,0.01,Call,2025-09-19,202.52
10.00,,192.05,192.98,193.90,0,1,3.2732,0.99,0.0000,-0.03,0.02,Call,2025-09-19,202.52
15.00,,186.05,187.50,188.95,0,2,2.5343999999999998,0.99,0.0001,-0.03,0.03,Call,2025-09-19,202.52
20.00,,180.50,182.75,185.00,0,3,2.2603,0.99,0.0001,-0.03,0.04,Call,2025-09-19,202.52
25.00,,176.25,177.68,179.10,0,2,1.9822,0.99,0.0001,-0.03,0.04,Call,2025-09-19,202.52
30.00,,172.35,173.27,174.20,0,1,1.9063999999999999,0.98,0.0002,-0.03,0.05,Call,2025-09-19,202.52
35.00,,167.45,168.35,169.25,0,2,1.745,0.98,0.0002,-0.03,0.06,Call,2025-09-19,202.52
40.00,,162.50,163.45,164.40,0,0,1.6130000000000002,0.98,0.0002,-0.04,0.06,Call,2025-09-19,202.52
45.00,,157.65,159.05,160.45,0,0,1.5702,0.98,0.0003,-0.04,0.07,Call,2025-09-19,202.52
50.00,,152.75,153.68,154.60,0,1092,1.4022,0.98,0.0003,-0.04,0.07,Call,2025-09-19,202.52
55.00,,147.90,148.83,149.75,0,123,1.319,0.97,0.0003,-0.04,0.08,Call,2025-09-19,202.52
60.00,,143.00,143.95,144.90,0,129,1.2407,0.97,0.0004,-0.04,0.08,Call,2025-09-19,202.52
65.00,,138.15,139.10,140.05,0,74,1.1718000000000002,0.97,0.0004,-0.04,0.09,Call,2025-09-19,202.52
70.00,,131.50,133.35,135.20,0,49,1.0061,0.97,0.0004,-0.03,0.08,Call,2025-09-19,202.52
75.00,,127.45,128.90,130.35,0,310,0.9990000000000001,0.97,0.0005,-0.04,0.09,Call,2025-09-19,202.52
80.00,,121.50,123.50,125.50,0,36,0.8883,0.97,0.0006,-0.03,0.09,Call,2025-09-19,202.52
85.00,,117.75,119.73,121.70,0,203,0.9445999999999999,0.96,0.0007,-0.04,0.12,Call,2025-09-19,202.52
90.00,,112.00,114.30,116.60,0,183,0.8476,0.96,0.0008,-0.04,0.11,Call,2025-09-19,202.52
95.00,,109.20,109.65,110.10,0,36,0.8201,0.95,0.0009,-0.04,0.13,Call,2025-09-19,202.52
100.00,105.36,104.45,105.38,106.30,1,1052,0.8184,0.94,0.0010,-0.05,0.15,Call,2025-09-19,202.52
105.00,,99.75,100.15,100.55,0,49,0.7505,0.94,0.0011,-0.05,0.15,Call,2025-09-19,202.52
110.00,95.8,94.95,95.38,95.80,31,847,0.7152,0.94,0.0013,-0.05,0.16,Call,2025-09-19,202.52
115.00,,90.20,90.68,91.15,0,107,0.6853,0.93,0.0014,-0.05,0.17,Call,2025-09-19,202.52
120.00,86.5,84.75,86.48,88.20,9,1148,0.682,0.92,0.0016,-0.05,0.19,Call,2025-09-19,202.52
125.00,84.05,80.40,81.53,82.65,1,528,0.6385000000000001,0.92,0.0018,-0.05,0.20,Call,2025-09-19,202.52
130.00,,76.40,76.75,77.10,0,62,0.6049,0.91,0.0021,-0.05,0.22,Call,2025-09-19,202.52
135.00,,71.85,72.20,72.55,0,117,0.5816,0.90,0.0023,-0.06,0.23,Call,2025-09-19,202.52
140.00,70.48,67.60,68.70,69.80,40,914,0.598,0.88,0.0026,-0.06,0.27,Call,2025-09-19,202.52
145.00,64.2,61.05,63.25,65.45,3,256,0.5384,0.87,0.0029,-0.06,0.27,Call,2025-09-19,202.52
150.00,60.5,58.70,58.98,59.25,582,3304,0.5222,0.86,0.0033,-0.06,0.30,Call,2025-09-19,202.52
155.00,54.95,54.40,55.08,55.75,6,168,0.5158,0.84,0.0036,-0.07,0.32,Call,2025-09-19,202.52
160.00,52.5,50.25,50.50,50.75,359,1280,0.4866,0.82,0.0041,-0.07,0.34,Call,2025-09-19,202.52
165.00,48.1,45.20,46.33,47.45,84,879,0.4681,0.80,0.0045,-0.07,0.37,Call,2025-09-19,202.52
170.00,44.7,42.20,42.45,42.70,93,499,0.45549999999999996,0.78,0.0050,-0.07,0.39,Call,2025-09-19,202.52
175.00,40.11,38.40,39.50,40.60,110,1125,0.4625,0.74,0.0053,-0.07,0.42,Call,2025-09-19,202.52
180.00,37.1,34.70,35.80,36.90,124,703,0.44789999999999996,0.72,0.0057,-0.08,0.45,Call,2025-09-19,202.52
185.00,33.45,31.15,32.25,33.35,158,2581,0.43420000000000003,0.69,0.0062,-0.08,0.47,Call,2025-09-19,202.52
190.00,29.75,27.45,28.30,29.15,173,2102,0.4096,0.66,0.0068,-0.07,0.49,Call,2025-09-19,202.52
195.00,26.8,24.20,25.35,26.50,72,1696,0.4029,0.62,0.0072,-0.08,0.50,Call,2025-09-19,202.52
200.00,22.0,21.55,22.13,22.70,294,6419,0.38770000000000004,0.58,0.0076,-0.07,0.51,Call,2025-09-19,202.52
205.00,18.8,18.70,18.78,18.85,2198,1445,0.3669,0.54,0.0082,-0.07,0.52,Call,2025-09-19,202.52
210.00,16.15,16.10,16.53,16.95,370,4391,0.36369999999999997,0.50,0.0083,-0.07,0.53,Call,2025-09-19,202.52
215.00,13.95,13.65,14.25,14.85,473,5392,0.3565,0.46,0.0084,-0.07,0.52,Call,2025-09-19,202.52
220.00,12.15,11.50,12.08,12.65,1377,7933,0.3475,0.41,0.0085,-0.06,0.51,Call,2025-09-19,202.52
225.00,10.3,9.55,9.63,9.70,790,7452,0.3289,0.36,0.0087,-0.06,0.50,Call,2025-09-19,202.52
230.00,7.9,7.85,8.10,8.35,730,5465,0.3247,0.32,0.0084,-0.06,0.47,Call,2025-09-19,202.52
235.00,6.85,6.40,6.45,6.50,426,6117,0.31370000000000003,0.28,0.0081,-0.05,0.44,Call,2025-09-19,202.52
240.00,5.45,5.15,5.23,5.30,958,9954,0.3079,0.24,0.0077,-0.05,0.41,Call,2025-09-19,202.52
245.00,4.8,4.10,4.18,4.25,430,7587,0.30210000000000004,0.20,0.0071,-0.04,0.37,Call,2025-09-19,202.52
250.00,3.3,3.25,3.63,4.00,706,11668,0.3064,0.18,0.0065,-0.04,0.35,Call,2025-09-19,202.52
255.00,2.6,2.58,2.62,2.66,109,2809,0.2932,0.14,0.0059,-0.03,0.30,Call,2025-09-19,202.52
260.00,2.1,2.05,2.08,2.11,301,6253,0.29059999999999997,0.12,0.0052,-0.03,0.26,Call,2025-09-19,202.52
265.00,1.96,1.62,1.65,1.68,52,5236,0.2887,0.10,0.0046,-0.02,0.23,Call,2025-09-19,202.52
270.00,1.58,1.28,1.31,1.33,21,6458,0.2871,0.08,0.0040,-0.02,0.20,Call,2025-09-19,202.52
275.00,1.2,1.02,1.05,1.07,35,4836,0.2868,0.07,0.0035,-0.02,0.17,Call,2025-09-19,202.52
280.00,0.83,0.81,0.84,0.86,214,5268,0.2864,0.06,0.0030,-0.01,0.15,Call,2025-09-19,202.52
285.00,0.68,0.65,0.68,0.70,26,1609,0.287,0.05,0.0026,-0.01,0.13,Call,2025-09-19,202.52
290.00,0.6,0.53,0.55,0.57,119,5439,0.28800000000000003,0.04,0.0022,-0.01,0.11,Call,2025-09-19,202.52
295.00,0.54,0.43,0.46,0.49,26,1635,0.2903,0.03,0.0019,-0.01,0.10,Call,2025-09-19,202.52
300.00,0.39,0.36,0.38,0.39,249,4021,0.2913,0.03,0.0016,-0.01,0.08,Call,2025-09-19,202.52
305.00,,0.30,0.32,0.34,0,1808,0.2943,0.02,0.0014,-0.01,0.07,Call,2025-09-19,202.52
310.00,0.33,0.24,0.27,0.29,22,3450,0.2959,0.02,0.0012,-0.01,0.06,Call,2025-09-19,202.52
320.00,0.25,0.17,0.20,0.22,5,3806,0.3016,0.01,0.0009,-0.01,0.05,Call,2025-09-19,202.52
330.00,0.25,0.14,0.16,0.18,8,1303,0.3109,0.01,0.0008,0.00,0.04,Call,2025-09-19,202.52
340.00,0.15,0.11,0.13,0.15,7,861,0.3191,0.01,0.0006,0.00,0.03,Call,2025-09-19,202.52
350.00,0.12,0.07,0.10,0.12,5,3717,0.32280000000000003,0.01,0.0005,0.00,0.03,Call,2025-09-19,202.52
360.00,0.1,0.07,0.09,0.11,48,616,0.33520000000000005,0.01,0.0004,0.00,0.02,Call,2025-09-19,202.52
370.00,0.12,0.05,0.08,0.10,5,113,0.34240000000000004,0.01,0.0004,0.00,0.02,Call,2025-09-19,202.52
380.00,,0.05,0.07,0.09,0,145,0.3531,0.01,0.0003,0.00,0.02,Call,2025-09-19,202.52
390.00,0.08,0.05,0.07,0.08,5,3780,0.363,0.00,0.0003,0.00,0.02,Call,2025-09-19,202.52
5.00,,0.00,0.01,0.02,0,3286,1.8478999999999999,0.00,0.0000,0.00,0.00,Put,2025-09-19,202.52
10.00,,0.00,0.01,0.02,0,16,1.4784,0.00,0.0000,0.00,0.00,Put,2025-09-19,202.52
15.00,,0.00,0.12,0.23,0,11,1.6156,0.00,0.0000,0.00,0.01,Put,2025-09-19,202.52
20.00,,0.00,0.02,0.04,0,112,1.195,0.00,0.0000,0.00,0.00,Put,2025-09-19,202.52
25.00,0.02,0.00,0.03,0.05,1,2,1.0998,0.00,0.0000,0.00,0.00,Put,2025-09-19,202.52
30.00,,0.00,0.03,0.06,0,0,1.0205,0.00,0.0000,0.00,0.00,Put,2025-09-19,202.52
35.00,,0.01,0.14,0.27,0,11,1.1045,0.00,0.0001,0.00,0.01,Put,2025-09-19,202.52
40.00,,0.01,0.05,0.09,0,69,0.9118999999999999,0.00,0.0000,0.00,0.01,Put,2025-09-19,202.52
45.00,,0.09,0.11,0.12,0,694,0.9172,0.00,0.0001,0.00,0.01,Put,2025-09-19,202.52
50.00,0.13,0.10,0.12,0.14,1,781,0.868,0.00,0.0001,0.00,0.01,Put,2025-09-19,202.52
55.00,,0.14,0.15,0.16,0,465,0.8329000000000001,0.00,0.0001,0.00,0.01,Put,2025-09-19,202.52
60.00,0.3,0.18,0.20,0.21,1,412,0.8058,0.00,0.0001,0.00,0.02,Put,2025-09-19,202.52
65.00,,0.23,0.25,0.26,0,263,0.7785,-0.01,0.0002,-0.01,0.02,Put,2025-09-19,202.52
70.00,,0.29,0.31,0.32,0,263,0.7532,-0.01,0.0002,-0.01,0.03,Put,2025-09-19,202.52
75.00,0.35,0.36,0.38,0.39,6,570,0.7292000000000001,-0.01,0.0003,-0.01,0.03,Put,2025-09-19,202.52
80.00,0.42,0.43,0.45,0.46,1,263,0.7034999999999999,-0.01,0.0003,-0.01,0.04,Put,2025-09-19,202.52
85.00,,0.52,0.54,0.56,0,362,0.6820999999999999,-0.01,0.0004,-0.01,0.05,Put,2025-09-19,202.52
90.00,0.72,0.63,0.65,0.66,5,2239,0.6607,-0.02,0.0005,-0.01,0.06,Put,2025-09-19,202.52
95.00,,0.74,0.77,0.79,0,88,0.6401,-0.02,0.0006,-0.01,0.07,Put,2025-09-19,202.52
100.00,0.87,0.88,0.90,0.91,24,418,0.6193,-0.03,0.0007,-0.01,0.08,Put,2025-09-19,202.52
105.00,,0.99,1.13,1.26,0,1452,0.6083,-0.03,0.0009,-0.02,0.09,Put,2025-09-19,202.52
110.00,1.25,1.20,1.22,1.24,214,1212,0.5807,-0.03,0.0010,-0.02,0.10,Put,2025-09-19,202.52
115.00,1.47,1.39,1.42,1.44,1,557,0.5622,-0.04,0.0012,-0.02,0.12,Put,2025-09-19,202.52
120.00,1.58,1.62,1.65,1.67,1034,3430,0.5449,-0.05,0.0014,-0.02,0.13,Put,2025-09-19,202.52
125.00,1.72,1.88,1.91,1.94,62,648,0.5281,-0.06,0.0016,-0.02,0.15,Put,2025-09-19,202.52
130.00,2.01,1.98,2.21,2.44,512,1139,0.5119,-0.07,0.0019,-0.03,0.17,Put,2025-09-19,202.52
135.00,2.33,2.52,2.55,2.59,49,3922,0.4962,-0.08,0.0022,-0.03,0.19,Put,2025-09-19,202.52
140.00,2.6,2.92,2.96,2.99,97,4058,0.48119999999999996,-0.09,0.0025,-0.03,0.21,Put,2025-09-19,202.52
145.00,3.45,3.35,3.43,3.50,39,2702,0.4672,-0.10,0.0029,-0.03,0.24,Put,2025-09-19,202.52
150.00,3.95,3.00,3.53,4.05,243,1622,0.4364,-0.11,0.0033,-0.03,0.25,Put,2025-09-19,202.52
155.00,4.3,3.60,4.13,4.65,364,1515,0.42450000000000004,-0.13,0.0038,-0.03,0.28,Put,2025-09-19,202.52
160.00,5.51,5.15,5.25,5.35,40,6254,0.4267,-0.16,0.0043,-0.04,0.32,Put,2025-09-19,202.52
165.00,5.5,6.00,6.10,6.20,2054,3463,0.4158,-0.18,0.0048,-0.04,0.35,Put,2025-09-19,202.52
170.00,6.75,7.00,7.08,7.15,1425,7692,0.4053,-0.21,0.0053,-0.04,0.38,Put,2025-09-19,202.52
175.00,7.8,8.10,8.15,8.20,738,4898,0.3944,-0.23,0.0059,-0.04,0.40,Put,2025-09-19,202.52
180.00,8.55,9.30,9.38,9.45,275,6690,0.3839,-0.27,0.0065,-0.05,0.43,Put,2025-09-19,202.52
185.00,10.75,10.70,10.77,10.85,599,6226,0.3743,-0.30,0.0071,-0.05,0.46,Put,2025-09-19,202.52
190.00,10.95,12.15,12.28,12.40,2098,7735,0.36329999999999996,-0.34,0.0076,-0.05,0.48,Put,2025-09-19,202.52
195.00,12.79,13.00,13.60,14.20,140,10534,0.3456,-0.38,0.0083,-0.05,0.50,Put,2025-09-19,202.52
200.00,15.91,15.85,15.98,16.10,557,13110,0.3452,-0.42,0.0086,-0.05,0.52,Put,2025-09-19,202.52
205.00,17.35,17.95,18.13,18.30,190,7858,0.33630000000000004,-0.46,0.0090,-0.04,0.52,Put,2025-09-19,202.52
210.00,19.55,18.00,20.10,22.20,118,9031,0.32020000000000004,-0.51,0.0094,-0.04,0.53,Put,2025-09-19,202.52
215.00,23.45,20.75,22.73,24.70,84,4574,0.3124,-0.56,0.0096,-0.04,0.52,Put,2025-09-19,202.52
220.00,24.05,23.55,24.98,26.40,158,7318,0.2926,-0.62,0.0099,-0.03,0.50,Put,2025-09-19,202.52
225.00,27.7,28.85,29.20,29.55,57,9443,0.308,-0.65,0.0091,-0.03,0.49,Put,2025-09-19,202.52
230.00,32.31,32.20,32.58,32.95,28,3285,0.3025,-0.69,0.0088,-0.03,0.46,Put,2025-09-19,202.52
235.00,36.6,33.70,35.18,36.65,6,2711,0.27399999999999997,-0.76,0.0087,-0.02,0.41,Put,2025-09-19,202.52
240.00,40.6,39.80,40.15,40.50,8,3859,0.2977,-0.77,0.0078,-0.02,0.40,Put,2025-09-19,202.52
245.00,,42.00,43.33,44.65,0,4194,0.2712,-0.83,0.0072,-0.01,0.34,Put,2025-09-19,202.52
250.00,,48.25,48.60,48.95,0,1428,0.3009,-0.82,0.0065,-0.01,0.34,Put,2025-09-19,202.52
255.00,47.0,52.60,53.05,53.50,1,479,0.3048,-0.85,0.0059,-0.01,0.31,Put,2025-09-19,202.52
260.00,53.33,57.45,57.93,58.40,8,669,0.3209,-0.85,0.0055,-0.01,0.30,Put,2025-09-19,202.52
265.00,,62.00,62.65,63.30,0,330,0.331,-0.86,0.0050,0.00,0.29,Put,2025-09-19,202.52
270.00,,67.00,67.63,68.25,0,0,0.34909999999999997,-0.87,0.0047,0.00,0.28,Put,2025-09-19,202.52
275.00,,71.95,72.60,73.25,0,2,0.3667,-0.87,0.0044,-0.01,0.28,Put,2025-09-19,202.52
280.00,,76.95,77.60,78.25,0,0,0.3849,-0.87,0.0042,-0.01,0.28,Put,2025-09-19,202.52
285.00,,81.95,82.60,83.25,0,0,0.40259999999999996,-0.87,0.0040,-0.01,0.28,Put,2025-09-19,202.52
290.00,,86.95,87.60,88.25,0,0,0.42,-0.87,0.0038,-0.01,0.27,Put,2025-09-19,202.52
295.00,,91.95,92.60,93.25,0,0,0.4371,-0.87,0.0036,-0.01,0.27,Put,2025-09-19,202.52
300.00,,96.95,97.60,98.25,0,0,0.45399999999999996,-0.87,0.0035,-0.01,0.27,Put,2025-09-19,202.52
305.00,,101.95,102.60,103.25,0,0,0.4705,-0.87,0.0033,-0.01,0.27,Put,2025-09-19,202.52
310.00,,106.95,107.60,108.25,0,0,0.4866,-0.88,0.0032,-0.01,0.27,Put,2025-09-19,202.52
320.00,,116.95,117.60,118.25,0,0,0.5182,-0.88,0.0030,-0.01,0.27,Put,2025-09-19,202.52
330.00,,126.95,127.60,128.25,0,0,0.5489,-0.88,0.0028,-0.01,0.27,Put,2025-09-19,202.52
340.00,,136.95,137.60,138.25,0,0,0.5786,-0.88,0.0027,-0.01,0.27,Put,2025-09-19,202.52
350.00,,146.95,147.60,148.25,0,0,0.6074,-0.88,0.0026,-0.02,0.27,Put,2025-09-19,202.52
360.00,,157.00,157.63,158.25,0,0,0.6363,-0.88,0.0025,-0.02,0.27,Put,2025-09-19,202.52
370.00,,166.95,167.60,168.25,0,0,0.6627,-0.88,0.0024,-0.02,0.27,Put,2025-09-19,202.52
380.00,,177.00,177.60,178.20,0,0,0.6893,-0.87,0.0023,-0.02,0.27,Put,2025-09-19,202.52
390.00,,185.10,186.65,188.20,0,0,0.6784,-0.89,0.0021,-0.01,0.25,Put,2025-09-19,202.52
90.00,,113.35,114.82,116.30,0,0,0.809,0.96,0.0008,-0.04,0.13,Call,2025-10-17,202.52
95.00,,108.65,109.63,110.60,0,0,0.74,0.96,0.0009,-0.04,0.13,Call,2025-10-17,202.52
100.00,,104.85,105.35,105.85,0,5,0.7402,0.95,0.0010,-0.04,0.15,Call,2025-10-17,202.52
105.00,,100.10,100.60,101.10,0,0,0.7065,0.94,0.0011,-0.04,0.16,Call,2025-10-17,202.52
110.00,96.75,95.40,95.90,96.40,1,122,0.6766,0.94,0.0013,-0.04,0.18,Call,2025-10-17,202.52
115.00,,90.75,91.23,91.70,0,88,0.6485,0.93,0.0014,-0.04,0.19,Call,2025-10-17,202.52
120.00,,86.30,87.65,89.00,0,67,0.6714,0.91,0.0017,-0.05,0.23,Call,2025-10-17,202.52
125.00,83.5,81.60,81.98,82.35,7,12,0.5974,0.91,0.0018,-0.05,0.22,Call,2025-10-17,202.52
130.00,80.35,77.10,77.48,77.85,30,94,0.5770000000000001,0.90,0.0021,-0.05,0.24,Call,2025-10-17,202.52
135.00,,71.80,73.53,75.25,0,56,0.5763,0.89,0.0023,-0.05,0.27,Call,2025-10-17,202.52
140.00,,67.30,68.98,70.65,0,41,0.5511,0.88,0.0026,-0.06,0.29,Call,2025-10-17,202.52
145.00,64.55,63.90,64.63,65.35,1,203,0.5322,0.86,0.0029,-0.06,0.31,Call,2025-10-17,202.52
150.00,62.4,59.65,59.78,59.90,31,715,0.49700000000000005,0.85,0.0032,-0.06,0.33,Call,2025-10-17,202.52
155.00,58.45,55.35,56.05,56.75,75,251,0.4947,0.83,0.0035,-0.06,0.36,Call,2025-10-17,202.52
160.00,,51.20,51.93,52.65,0,132,0.47840000000000005,0.81,0.0039,-0.06,0.38,Call,2025-10-17,202.52
165.00,50.11,47.20,48.60,50.00,2,518,0.4802,0.79,0.0042,-0.07,0.41,Call,2025-10-17,202.52
170.00,46.5,42.35,44.18,46.00,7,86,0.45299999999999996,0.77,0.0047,-0.07,0.44,Call,2025-10-17,202.52
175.00,42.5,39.55,39.85,40.15,10,724,0.4274,0.75,0.0052,-0.07,0.46,Call,2025-10-17,202.52
180.00,38.75,35.85,37.03,38.20,39,456,0.4322,0.72,0.0055,-0.07,0.49,Call,2025-10-17,202.52
185.00,35.3,32.30,33.53,34.75,5,308,0.41969999999999996,0.69,0.0059,-0.07,0.51,Call,2025-10-17,202.52
190.00,32.0,29.00,29.68,30.35,61,498,0.39840000000000003,0.66,0.0065,-0.07,0.53,Call,2025-10-17,202.52
195.00,28.15,25.75,26.10,26.45,38,445,0.38020000000000004,0.62,0.0070,-0.07,0.54,Call,2025-10-17,202.52
200.00,23.1,22.90,23.05,23.20,136,1995,0.36920000000000003,0.59,0.0074,-0.07,0.56,Call,2025-10-17,202.52
205.00,20.31,20.10,20.25,20.40,130,468,0.35979999999999995,0.55,0.0077,-0.07,0.57,Call,2025-10-17,202.52
210.00,17.7,17.45,18.03,18.60,807,825,0.3576,0.51,0.0078,-0.06,0.57,Call,2025-10-17,202.52
215.00,16.67,13.90,15.05,16.20,77,665,0.3389,0.47,0.0082,-0.06,0.57,Call,2025-10-17,202.52
220.00,14.7,12.80,12.93,13.05,161,1505,0.3319,0.43,0.0083,-0.06,0.56,Call,2025-10-17,202.52
225.00,10.85,10.00,10.98,11.95,418,2893,0.3247,0.38,0.0082,-0.06,0.55,Call,2025-10-17,202.52
230.00,9.08,9.00,9.58,10.15,534,2530,0.32439999999999997,0.35,0.0080,-0.05,0.53,Call,2025-10-17,202.52
235.00,7.48,7.45,7.53,7.60,229,779,0.30820000000000003,0.30,0.0079,-0.05,0.50,Call,2025-10-17,202.52
240.00,6.35,5.10,6.18,7.25,439,3457,0.3019,0.26,0.0076,-0.04,0.47,Call,2025-10-17,202.52
245.00,5.71,3.95,5.03,6.10,170,979,0.2961,0.23,0.0071,-0.04,0.43,Call,2025-10-17,202.52
250.00,4.15,3.85,4.00,4.15,60,2455,0.2896,0.19,0.0066,-0.03,0.39,Call,2025-10-17,202.52
255.00,3.4,3.20,3.28,3.35,188,1036,0.2873,0.16,0.0060,-0.03,0.35,Call,2025-10-17,202.52
260.00,2.67,2.38,2.89,3.40,142,1516,0.292,0.15,0.0055,-0.03,0.33,Call,2025-10-17,202.52
265.00,2.45,2.06,2.13,2.19,71,1453,0.28190000000000004,0.12,0.0049,-0.02,0.28,Call,2025-10-17,202.52
270.00,2.08,1.45,1.63,1.80,133,651,0.2766,0.10,0.0043,-0.02,0.24,Call,2025-10-17,202.52
275.00,1.68,1.37,1.49,1.61,28,1121,0.2839,0.09,0.0039,-0.02,0.23,Call,2025-10-17,202.52
280.00,1.35,1.07,1.41,1.74,57,3229,0.2925,0.08,0.0036,-0.02,0.21,Call,2025-10-17,202.52
285.00,0.96,0.87,1.01,1.15,37,436,0.2841,0.06,0.0030,-0.01,0.17,Call,2025-10-17,202.52
290.00,0.86,0.71,0.75,0.78,35,2180,0.2785,0.05,0.0025,-0.01,0.14,Call,2025-10-17,202.52
295.00,0.65,0.59,0.62,0.65,15,3242,0.2797,0.04,0.0022,-0.01,0.13,Call,2025-10-17,202.52
300.00,0.49,0.49,0.52,0.54,68,6420,0.2809,0.03,0.0019,-0.01,0.11,Call,2025-10-17,202.52
305.00,,0.40,0.44,0.47,0,130,0.2827,0.03,0.0017,-0.01,0.10,Call,2025-10-17,202.52
310.00,0.53,0.34,0.37,0.40,10,141,0.2848,0.03,0.0015,-0.01,0.09,Call,2025-10-17,202.52
315.00,0.5,0.28,0.32,0.35,1,288,0.2868,0.02,0.0013,-0.01,0.08,Call,2025-10-17,202.52
320.00,,0.24,0.27,0.30,0,798,0.289,0.02,0.0011,-0.01,0.07,Call,2025-10-17,202.52
325.00,,0.20,0.24,0.27,0,128,0.2916,0.02,0.0010,-0.01,0.06,Call,2025-10-17,202.52
330.00,,0.19,0.22,0.24,0,270,0.2961,0.02,0.0009,0.00,0.06,Call,2025-10-17,202.52
335.00,0.26,0.15,0.19,0.22,6,14,0.298,0.01,0.0008,0.00,0.05,Call,2025-10-17,202.52
340.00,0.25,0.14,0.17,0.20,1,32,0.3024,0.01,0.0007,0.00,0.05,Call,2025-10-17,202.52
345.00,,0.11,0.15,0.18,0,68,0.3038,0.01,0.0006,0.00,0.04,Call,2025-10-17,202.52
350.00,0.2,0.10,0.14,0.17,1,35,0.30820000000000003,0.01,0.0006,0.00,0.04,Call,2025-10-17,202.52
355.00,0.19,0.09,0.12,0.15,1,39,0.31079999999999997,0.01,0.0005,0.00,0.03,Call,2025-10-17,202.52
360.00,0.13,0.09,0.12,0.14,2,136,0.316,0.01,0.0005,0.00,0.03,Call,2025-10-17,202.52
370.00,0.09,0.06,0.09,0.12,51,473,0.32030000000000003,0.01,0.0004,0.00,0.03,Call,2025-10-17,202.52
90.00,0.75,0.71,0.75,0.78,2,54,0.626,-0.02,0.0005,-0.01,0.07,Put,2025-10-17,202.52
95.00,,0.85,0.88,0.91,0,7,0.607,-0.02,0.0006,-0.01,0.08,Put,2025-10-17,202.52
100.00,0.94,0.99,1.03,1.06,2,95,0.5875,-0.03,0.0008,-0.01,0.09,Put,2025-10-17,202.52
105.00,1.16,1.16,1.19,1.22,3,309,0.5689,-0.03,0.0009,-0.02,0.10,Put,2025-10-17,202.52
110.00,,1.35,1.38,1.41,0,203,0.5512,-0.04,0.0010,-0.02,0.12,Put,2025-10-17,202.52
115.00,1.75,1.57,1.60,1.63,3,197,0.5344,-0.04,0.0012,-0.02,0.13,Put,2025-10-17,202.52
120.00,1.78,1.82,1.90,1.98,33,8343,0.5214,-0.05,0.0014,-0.02,0.15,Put,2025-10-17,202.52
125.00,2.19,2.11,2.16,2.21,7,255,0.504,-0.06,0.0017,-0.02,0.17,Put,2025-10-17,202.52
130.00,2.62,2.43,2.48,2.52,219,183,0.4882,-0.07,0.0019,-0.02,0.19,Put,2025-10-17,202.52
135.00,,2.81,3.16,3.50,0,387,0.4877,-0.09,0.0022,-0.03,0.22,Put,2025-10-17,202.52
140.00,3.02,3.20,3.28,3.35,32,678,0.4596,-0.09,0.0025,-0.03,0.24,Put,2025-10-17,202.52
145.00,3.55,3.70,3.83,3.95,46,529,0.4485,-0.11,0.0029,-0.03,0.27,Put,2025-10-17,202.52
150.00,4.35,3.60,4.08,4.55,135,1869,0.42460000000000003,-0.12,0.0033,-0.03,0.29,Put,2025-10-17,202.52
155.00,4.7,4.95,5.05,5.15,1,785,0.4235,-0.14,0.0037,-0.03,0.32,Put,2025-10-17,202.52
160.00,5.95,5.70,5.85,6.00,3177,4909,0.41340000000000005,-0.16,0.0042,-0.04,0.35,Put,2025-10-17,202.52
165.00,6.7,5.60,6.70,7.80,356,1805,0.402,-0.19,0.0046,-0.04,0.38,Put,2025-10-17,202.52
170.00,6.95,6.60,7.70,8.80,304,1698,0.392,-0.21,0.0052,-0.04,0.41,Put,2025-10-17,202.52
175.00,8.54,8.75,8.83,8.90,16,751,0.3822,-0.24,0.0057,-0.04,0.44,Put,2025-10-17,202.52
180.00,10.05,10.00,10.10,10.20,1057,3141,0.373,-0.27,0.0062,-0.04,0.47,Put,2025-10-17,202.52
185.00,10.6,11.35,11.48,11.60,152,2509,0.3629,-0.30,0.0067,-0.04,0.50,Put,2025-10-17,202.52
190.00,12.02,11.00,12.13,13.25,95,5997,0.3361,-0.33,0.0076,-0.04,0.52,Put,2025-10-17,202.52
195.00,13.67,14.75,14.88,15.00,100,1425,0.34659999999999996,-0.38,0.0077,-0.04,0.54,Put,2025-10-17,202.52
200.00,16.38,16.70,16.83,16.95,288,6280,0.3382,-0.41,0.0081,-0.04,0.56,Put,2025-10-17,202.52
205.00,17.55,18.90,19.03,19.15,26,666,0.3312,-0.46,0.0084,-0.04,0.57,Put,2025-10-17,202.52
210.00,20.3,21.15,21.33,21.50,11,3501,0.3225,-0.50,0.0086,-0.04,0.57,Put,2025-10-17,202.52
215.00,22.8,21.50,23.53,25.55,4,1272,0.3086,-0.55,0.0090,-0.03,0.57,Put,2025-10-17,202.52
220.00,26.87,26.55,26.75,26.95,3,1783,0.3093,-0.59,0.0088,-0.03,0.56,Put,2025-10-17,202.52
225.00,25.0,29.40,29.80,30.20,2,763,0.30329999999999996,-0.63,0.0087,-0.03,0.54,Put,2025-10-17,202.52
230.00,32.65,32.75,33.18,33.60,44,1269,0.2999,-0.67,0.0084,-0.02,0.52,Put,2025-10-17,202.52
235.00,36.05,36.40,36.72,37.05,12,1084,0.2964,-0.71,0.0081,-0.02,0.49,Put,2025-10-17,202.52
240.00,38.01,40.25,40.58,40.90,9,803,0.2958,-0.74,0.0076,-0.02,0.46,Put,2025-10-17,202.52
245.00,,44.20,44.68,45.15,0,346,0.2979,-0.77,0.0071,-0.01,0.43,Put,2025-10-17,202.52
250.00,41.14,48.55,48.90,49.25,1,851,0.3004,-0.80,0.0066,-0.01,0.40,Put,2025-10-17,202.52
255.00,,52.85,53.38,53.90,0,193,0.3071,-0.82,0.0061,-0.01,0.38,Put,2025-10-17,202.52
260.00,,57.45,58.00,58.55,0,109,0.3164,-0.83,0.0056,-0.01,0.36,Put,2025-10-17,202.52
265.00,,62.00,62.68,63.35,0,167,0.3259,-0.84,0.0052,0.00,0.35,Put,2025-10-17,202.52
270.00,,66.90,67.60,68.30,0,0,0.3419,-0.85,0.0049,0.00,0.34,Put,2025-10-17,202.52
275.00,,72.00,72.65,73.30,0,0,0.3611,-0.85,0.0046,-0.01,0.34,Put,2025-10-17,202.52
280.00,,76.90,77.60,78.30,0,0,0.3771,-0.85,0.0043,-0.01,0.33,Put,2025-10-17,202.52
285.00,82.15,81.90,82.60,83.30,15,0,0.39409999999999995,-0.85,0.0041,-0.01,0.33,Put,2025-10-17,202.52
290.00,,86.90,87.60,88.30,0,0,0.4108,-0.85,0.0039,-0.01,0.33,Put,2025-10-17,202.52
295.00,,91.90,92.60,93.30,0,0,0.42719999999999997,-0.85,0.0038,-0.01,0.33,Put,2025-10-17,202.52
300.00,,96.90,97.60,98.30,0,0,0.44329999999999997,-0.85,0.0036,-0.01,0.33,Put,2025-10-17,202.52
305.00,,101.95,102.63,103.30,0,0,0.45990000000000003,-0.85,0.0035,-0.01,0.33,Put,2025-10-17,202.52
310.00,,106.90,107.60,108.30,0,0,0.4746,-0.86,0.0033,-0.01,0.33,Put,2025-10-17,202.52
315.00,,111.90,112.60,113.30,0,0,0.48979999999999996,-0.86,0.0032,-0.01,0.32,Put,2025-10-17,202.52
320.00,,116.90,117.60,118.30,0,0,0.5047999999999999,-0.86,0.0031,-0.01,0.32,Put,2025-10-17,202.52
325.00,,121.90,122.58,123.25,0,0,0.5188,-0.86,0.0030,-0.01,0.32,Put,2025-10-17,202.52
330.00,,126.90,127.60,128.30,0,0,0.5341,-0.86,0.0030,-0.01,0.32,Put,2025-10-17,202.52
335.00,,131.90,132.58,133.25,0,0,0.5477000000000001,-0.86,0.0029,-0.01,0.32,Put,2025-10-17,202.52
340.00,,136.90,137.60,138.30,0,0,0.5625,-0.86,0.0028,-0.01,0.32,Put,2025-10-17,202.52
345.00,,141.90,142.58,143.25,0,0,0.5756,-0.86,0.0027,-0.01,0.32,Put,2025-10-17,202.52
350.00,,146.90,147.60,148.30,0,0,0.5901,-0.86,0.0027,-0.02,0.32,Put,2025-10-17,202.52
355.00,,151.90,152.60,153.30,0,1,0.6036,-0.86,0.0026,-0.02,0.32,Put,2025-10-17,202.52
360.00,,156.90,157.58,158.25,0,0,0.6161,-0.86,0.0026,-0.02,0.32,Put,2025-10-17,202.52
370.00,,166.90,167.60,168.30,0,0,0.643,-0.86,0.0025,-0.02,0.32,Put,2025-10-17,202.52
5.00,200.28,195.70,197.85,200.00,5,239,3.7467,1.00,0.0000,-0.01,0.02,Call,2025-12-19,202.52
10.00,,190.95,192.98,195.00,0,13,2.6664,0.99,0.0000,-0.02,0.03,Call,2025-12-19,202.52
15.00,,185.80,187.90,190.00,0,5,2.156,0.99,0.0001,-0.02,0.04,Call,2025-12-19,202.52
20.00,,180.90,183.08,185.25,0,4,1.8866999999999998,0.99,0.0001,-0.02,0.05,Call,2025-12-19,202.52
25.00,,176.25,178.38,180.50,0,1,1.7138,0.99,0.0001,-0.02,0.06,Call,2025-12-19,202.52
30.00,,171.20,173.35,175.50,0,3,1.5294999999999999,0.98,0.0002,-0.02,0.06,Call,2025-12-19,202.52
35.00,,166.35,168.43,170.50,0,2,1.3932,0.98,0.0002,-0.02,0.07,Call,2025-12-19,202.52
40.00,,161.50,163.50,165.50,0,0,1.2784,0.98,0.0002,-0.02,0.08,Call,2025-12-19,202.52
45.00,,156.90,158.43,159.95,0,0,1.1604,0.98,0.0002,-0.02,0.08,Call,2025-12-19,202.52
50.00,156.4,152.10,153.63,155.15,1,247,1.0894,0.98,0.0003,-0.02,0.09,Call,2025-12-19,202.52
55.00,153.41,147.25,148.80,150.35,1,118,1.023,0.98,0.0003,-0.02,0.09,Call,2025-12-19,202.52
60.00,,143.50,144.53,145.55,0,213,1.0156999999999998,0.97,0.0004,-0.03,0.11,Call,2025-12-19,202.52
65.00,,137.35,139.08,140.80,0,348,0.9007999999999999,0.97,0.0004,-0.03,0.10,Call,2025-12-19,202.52
70.00,,132.90,134.45,136.00,0,830,0.8684000000000001,0.97,0.0005,-0.03,0.12,Call,2025-12-19,202.52
75.00,,128.15,129.70,131.25,0,266,0.8269,0.97,0.0006,-0.03,0.13,Call,2025-12-19,202.52
80.00,,123.35,124.90,126.45,0,212,0.784,0.96,0.0006,-0.03,0.13,Call,2025-12-19,202.52
85.00,,118.45,120.58,122.70,0,396,0.7756000000000001,0.96,0.0007,-0.03,0.15,Call,2025-12-19,202.52
90.00,,113.70,115.80,117.90,0,285,0.7371,0.95,0.0008,-0.03,0.17,Call,2025-12-19,202.52
95.00,,109.25,110.30,111.35,0,180,0.6567000000000001,0.96,0.0009,-0.03,0.16,Call,2025-12-19,202.52
100.00,107.0,104.55,106.10,107.65,27,2468,0.6575,0.95,0.0010,-0.03,0.18,Call,2025-12-19,202.52
105.00,104.95,99.90,101.93,103.95,16,152,0.6543000000000001,0.94,0.0012,-0.04,0.21,Call,2025-12-19,202.52
110.00,97.4,96.25,97.23,98.20,3,651,0.6244,0.93,0.0013,-0.04,0.22,Call,2025-12-19,202.52
115.00,,91.75,92.75,93.75,0,235,0.6046,0.92,0.0015,-0.04,0.24,Call,2025-12-19,202.52
120.00,90.8,87.10,88.07,89.05,30,1103,0.5766,0.92,0.0016,-0.04,0.26,Call,2025-12-19,202.52
125.00,85.2,82.95,84.25,85.55,14,569,0.5795,0.90,0.0018,-0.04,0.29,Call,2025-12-19,202.52
130.00,,77.50,79.30,81.10,0,392,0.5418999999999999,0.89,0.0020,-0.04,0.30,Call,2025-12-19,202.52
135.00,76.3,73.75,74.25,74.75,4,811,0.5024000000000001,0.89,0.0023,-0.04,0.31,Call,2025-12-19,202.52
140.00,71.95,69.25,69.93,70.60,8,1464,0.4866,0.88,0.0025,-0.04,0.34,Call,2025-12-19,202.52
145.00,68.45,65.65,65.83,66.00,33,675,0.47600000000000003,0.86,0.0028,-0.05,0.37,Call,2025-12-19,202.52
150.00,63.94,61.45,61.80,62.15,4,2152,0.4657,0.85,0.0031,-0.05,0.39,Call,2025-12-19,202.52
155.00,60.15,57.35,58.55,59.75,66,643,0.4718,0.82,0.0033,-0.05,0.43,Call,2025-12-19,202.52
160.00,55.95,53.40,54.08,54.75,11,1243,0.4472,0.81,0.0037,-0.05,0.45,Call,2025-12-19,202.52
165.00,49.94,49.50,50.20,50.90,2,2519,0.4351,0.79,0.0040,-0.05,0.48,Call,2025-12-19,202.52
170.00,48.65,45.30,46.18,47.05,12,4086,0.41840000000000005,0.77,0.0044,-0.05,0.51,Call,2025-12-19,202.52
175.00,42.95,42.10,42.75,43.40,23,1961,0.4119,0.74,0.0047,-0.06,0.54,Call,2025-12-19,202.52
180.00,39.0,38.55,39.30,40.05,55,26039,0.4029,0.72,0.0051,-0.06,0.56,Call,2025-12-19,202.52
185.00,37.4,35.10,35.33,35.55,56,2222,0.38299999999999995,0.69,0.0056,-0.06,0.58,Call,2025-12-19,202.52
190.00,34.08,31.85,33.03,34.20,146,2457,0.3895,0.66,0.0057,-0.06,0.61,Call,2025-12-19,202.52
195.00,31.0,28.75,28.93,29.10,17,2195,0.3643,0.63,0.0063,-0.06,0.63,Call,2025-12-19,202.52
200.00,27.1,24.90,26.03,27.15,158,4473,0.3566,0.60,0.0066,-0.06,0.64,Call,2025-12-19,202.52
205.00,25.1,22.10,23.20,24.30,213,1656,0.3479,0.56,0.0068,-0.06,0.65,Call,2025-12-19,202.52
210.00,20.65,20.50,21.08,21.65,451,4350,0.3475,0.53,0.0069,-0.06,0.66,Call,2025-12-19,202.52
215.00,19.55,18.00,18.60,19.20,64,6327,0.3395,0.49,0.0071,-0.05,0.66,Call,2025-12-19,202.52
220.00,16.0,15.70,15.83,15.95,351,6267,0.32439999999999997,0.45,0.0074,-0.05,0.66,Call,2025-12-19,202.52
225.00,15.16,13.65,14.25,14.85,152,4689,0.32530000000000003,0.42,0.0073,-0.05,0.65,Call,2025-12-19,202.52
230.00,12.2,11.70,11.83,11.95,358,6776,0.3105,0.38,0.0074,-0.05,0.63,Call,2025-12-19,202.52
235.00,10.5,9.90,10.58,11.25,178,2407,0.3118,0.35,0.0072,-0.05,0.61,Call,2025-12-19,202.52
240.00,9.0,8.45,8.60,8.75,394,4248,0.2985,0.31,0.0071,-0.04,0.58,Call,2025-12-19,202.52
245.00,7.45,7.10,7.25,7.40,97,2921,0.293,0.27,0.0069,-0.04,0.55,Call,2025-12-19,202.52
250.00,6.18,6.00,6.08,6.15,3848,14665,0.28800000000000003,0.24,0.0065,-0.03,0.52,Call,2025-12-19,202.52
255.00,5.75,4.95,5.05,5.15,37,1694,0.2833,0.21,0.0062,-0.03,0.48,Call,2025-12-19,202.52
260.00,4.6,4.10,4.18,4.25,245,6672,0.2791,0.18,0.0058,-0.03,0.44,Call,2025-12-19,202.52
265.00,3.46,3.40,3.47,3.55,46,1380,0.2763,0.16,0.0053,-0.03,0.40,Call,2025-12-19,202.52
270.00,2.91,2.81,2.87,2.92,472,13120,0.2733,0.14,0.0049,-0.02,0.36,Call,2025-12-19,202.52
275.00,2.7,2.32,2.37,2.42,56,3360,0.2713,0.12,0.0044,-0.02,0.33,Call,2025-12-19,202.52
280.00,2.14,1.90,2.15,2.40,378,3936,0.2759,0.11,0.0041,-0.02,0.31,Call,2025-12-19,202.52
285.00,1.9,1.58,1.73,1.88,9,604,0.2723,0.09,0.0036,-0.02,0.27,Call,2025-12-19,202.52
290.00,1.54,1.31,1.46,1.61,16,3954,0.2721,0.08,0.0032,-0.01,0.24,Call,2025-12-19,202.52
295.00,1.37,1.08,1.23,1.38,47,609,0.272,0.07,0.0029,-0.01,0.22,Call,2025-12-19,202.52
300.00,0.96,0.85,0.94,1.02,836,22711,0.2666,0.05,0.0025,-0.01,0.18,Call,2025-12-19,202.52
310.00,0.79,0.64,0.71,0.77,65,4382,0.2701,0.04,0.0020,-0.01,0.15,Call,2025-12-19,202.52
320.00,0.57,0.48,0.52,0.56,13,5505,0.2723,0.03,0.0016,-0.01,0.12,Call,2025-12-19,202.52
330.00,0.42,0.37,0.40,0.43,1,1586,0.2761,0.03,0.0013,-0.01,0.10,Call,2025-12-19,202.52
340.00,0.34,0.10,0.22,0.35,1,807,0.268,0.02,0.0009,0.00,0.06,Call,2025-12-19,202.52
350.00,0.29,0.20,0.25,0.29,100,2458,0.284,0.02,0.0008,0.00,0.07,Call,2025-12-19,202.52
360.00,0.22,0.16,0.20,0.24,28,561,0.2889,0.01,0.0007,0.00,0.06,Call,2025-12-19,202.52
370.00,0.17,0.15,0.18,0.21,2,293,0.2969,0.01,0.0006,0.00,0.05,Call,2025-12-19,202.52
380.00,,0.14,0.17,0.19,0,152,0.30510000000000004,0.01,0.0005,0.00,0.05,Call,2025-12-19,202.52
390.00,0.16,0.10,0.13,0.16,1,211,0.3074,0.01,0.0004,0.00,0.04,Call,2025-12-19,202.52
400.00,0.13,0.07,0.10,0.13,230,7452,0.30870000000000003,0.01,0.0004,0.00,0.03,Call,2025-12-19,202.52
5.00,,0.00,0.11,0.21,0,2818,1.8844,0.00,0.0000,0.00,0.00,Put,2025-12-19,202.52
10.00,,0.01,0.02,0.03,0,39,1.2533,0.00,0.0000,0.00,0.00,Put,2025-12-19,202.52
15.00,,0.00,0.03,0.06,0,1,1.1179000000000001,0.00,0.0000,0.00,0.00,Put,2025-12-19,202.52
20.00,,0.01,0.04,0.07,0,42,1.0186,0.00,0.0000,0.00,0.00,Put,2025-12-19,202.52
25.00,,0.02,0.05,0.08,0,0,0.9396,0.00,0.0000,0.00,0.01,Put,2025-12-19,202.52
30.00,,0.04,0.08,0.11,0,105,0.8946,0.00,0.0000,0.00,0.01,Put,2025-12-19,202.52
35.00,,0.07,0.10,0.13,0,1,0.8493,0.00,0.0000,0.00,0.01,Put,2025-12-19,202.52
40.00,0.11,0.11,0.14,0.17,1,2570,0.8172,0.00,0.0001,0.00,0.01,Put,2025-12-19,202.52
45.00,,0.12,0.16,0.19,0,240,0.7687,0.00,0.0001,0.00,0.02,Put,2025-12-19,202.52
50.00,0.19,0.17,0.20,0.23,5,6677,0.74,0.00,0.0001,0.00,0.02,Put,2025-12-19,202.52
55.00,,0.25,0.27,0.29,0,624,0.7198,-0.01,0.0001,0.00,0.03,Put,2025-12-19,202.52
60.00,,0.31,0.33,0.36,0,394,0.6949,-0.01,0.0002,0.00,0.03,Put,2025-12-19,202.52
65.00,0.34,0.38,0.41,0.43,40,2241,0.6704000000000001,-0.01,0.0002,-0.01,0.04,Put,2025-12-19,202.52
70.00,,0.47,0.50,0.52,0,1276,0.6493000000000001,-0.01,0.0003,-0.01,0.05,Put,2025-12-19,202.52
75.00,0.57,0.56,0.60,0.64,115,3778,0.6297,-0.01,0.0003,-0.01,0.06,Put,2025-12-19,202.52
80.00,0.62,0.67,0.70,0.72,11,2308,0.6073,-0.02,0.0004,-0.01,0.07,Put,2025-12-19,202.52
85.00,0.73,0.80,0.83,0.85,13,1817,0.589,-0.02,0.0005,-0.01,0.08,Put,2025-12-19,202.52
90.00,0.93,0.94,0.97,0.99,15,2408,0.5707,-0.02,0.0006,-0.01,0.09,Put,2025-12-19,202.52
95.00,1.03,1.10,1.13,1.16,51,1646,0.5539000000000001,-0.03,0.0007,-0.01,0.10,Put,2025-12-19,202.52
100.00,1.33,1.27,1.30,1.33,46,1151,0.5362,-0.03,0.0008,-0.01,0.12,Put,2025-12-19,202.52
105.00,1.37,1.48,1.52,1.56,3,491,0.5214,-0.04,0.0009,-0.01,0.14,Put,2025-12-19,202.52
110.00,1.59,1.71,1.76,1.80,4,2167,0.5062,-0.04,0.0011,-0.01,0.15,Put,2025-12-19,202.52
115.00,1.84,1.98,2.03,2.07,9,793,0.4919,-0.05,0.0013,-0.02,0.17,Put,2025-12-19,202.52
120.00,2.43,2.29,2.34,2.39,19,4459,0.47859999999999997,-0.06,0.0015,-0.02,0.19,Put,2025-12-19,202.52
125.00,2.85,2.64,2.69,2.74,51,2870,0.46549999999999997,-0.07,0.0017,-0.02,0.22,Put,2025-12-19,202.52
130.00,2.85,3.05,3.10,3.15,4,3977,0.4535,-0.08,0.0019,-0.02,0.24,Put,2025-12-19,202.52
135.00,3.55,3.50,3.58,3.65,2,880,0.4422,-0.09,0.0022,-0.02,0.27,Put,2025-12-19,202.52
140.00,3.75,4.00,4.10,4.20,52,2796,0.43090000000000006,-0.10,0.0025,-0.02,0.30,Put,2025-12-19,202.52
145.00,4.28,4.65,4.73,4.80,52,2210,0.4211,-0.12,0.0028,-0.02,0.33,Put,2025-12-19,202.52
150.00,5.4,5.30,5.40,5.50,74,3789,0.4107,-0.13,0.0032,-0.03,0.36,Put,2025-12-19,202.52
155.00,6.5,6.05,6.15,6.25,13,2701,0.40049999999999997,-0.15,0.0036,-0.03,0.39,Put,2025-12-19,202.52
160.00,6.4,7.00,7.08,7.15,164,4699,0.3926,-0.17,0.0039,-0.03,0.42,Put,2025-12-19,202.52
165.00,7.35,8.00,8.08,8.15,67,3593,0.3843,-0.20,0.0043,-0.03,0.46,Put,2025-12-19,202.52
170.00,8.5,9.10,9.20,9.30,32,12098,0.3763,-0.22,0.0048,-0.03,0.49,Put,2025-12-19,202.52
175.00,10.73,10.30,10.43,10.55,93,8732,0.3682,-0.25,0.0052,-0.03,0.52,Put,2025-12-19,202.52
180.00,10.65,11.65,11.78,11.90,619,7925,0.3602,-0.27,0.0056,-0.03,0.55,Put,2025-12-19,202.52
185.00,12.25,13.15,13.28,13.40,111,4104,0.3527,-0.30,0.0060,-0.03,0.58,Put,2025-12-19,202.52
190.00,14.05,14.80,14.95,15.10,267,5010,0.3457,-0.34,0.0064,-0.03,0.60,Put,2025-12-19,202.52
195.00,15.52,16.55,16.73,16.90,15,3940,0.3381,-0.37,0.0067,-0.03,0.62,Put,2025-12-19,202.52
200.00,17.45,18.60,18.78,18.95,179,11430,0.33240000000000003,-0.40,0.0070,-0.03,0.64,Put,2025-12-19,202.52
205.00,20.13,20.75,20.90,21.05,483,3864,0.32539999999999997,-0.44,0.0073,-0.03,0.65,Put,2025-12-19,202.52
210.00,21.65,22.15,22.80,23.45,67,4593,0.3125,-0.48,0.0077,-0.03,0.66,Put,2025-12-19,202.52
215.00,24.15,23.70,24.85,26.00,749,6461,0.2993,-0.52,0.0080,-0.03,0.66,Put,2025-12-19,202.52
220.00,28.55,26.00,27.40,28.80,179,4514,0.29100000000000004,-0.56,0.0082,-0.02,0.65,Put,2025-12-19,202.52
225.00,31.83,30.95,31.35,31.75,109,4629,0.3018,-0.59,0.0078,-0.02,0.64,Put,2025-12-19,202.52
230.00,34.4,34.15,34.70,35.25,3,1613,0.3009,-0.63,0.0076,-0.02,0.63,Put,2025-12-19,202.52
235.00,,35.50,37.00,38.50,0,2550,0.28,-0.68,0.0077,-0.01,0.59,Put,2025-12-19,202.52
240.00,40.89,41.25,41.80,42.35,5,4030,0.2984,-0.69,0.0071,-0.01,0.58,Put,2025-12-19,202.52
245.00,40.57,45.00,45.58,46.15,1,550,0.2977,-0.72,0.0068,-0.01,0.56,Put,2025-12-19,202.52
250.00,49.35,49.00,49.65,50.30,99,3149,0.3004,-0.75,0.0064,-0.01,0.53,Put,2025-12-19,202.52
255.00,,53.25,53.83,54.40,0,413,0.30329999999999996,-0.77,0.0061,-0.01,0.51,Put,2025-12-19,202.52
260.00,,57.80,58.43,59.05,0,485,0.3134,-0.78,0.0057,-0.01,0.49,Put,2025-12-19,202.52
265.00,,62.55,63.13,63.70,0,301,0.3247,-0.79,0.0053,-0.01,0.48,Put,2025-12-19,202.52
270.00,,66.90,67.70,68.50,0,133,0.3326,-0.80,0.0050,-0.01,0.46,Put,2025-12-19,202.52
275.00,,71.80,72.63,73.45,0,0,0.34759999999999996,-0.81,0.0048,-0.01,0.45,Put,2025-12-19,202.52
280.00,,76.75,77.60,78.45,0,0,0.36329999999999996,-0.81,0.0045,-0.01,0.45,Put,2025-12-19,202.52
285.00,,81.75,82.60,83.45,0,0,0.3791,-0.81,0.0043,-0.01,0.45,Put,2025-12-19,202.52
290.00,,86.70,87.60,88.50,0,1,0.3946,-0.81,0.0041,-0.01,0.44,Put,2025-12-19,202.52
295.00,,91.70,92.60,93.50,0,0,0.40990000000000004,-0.81,0.0039,-0.01,0.44,Put,2025-12-19,202.52
300.00,,96.75,97.60,98.45,0,0,0.42479999999999996,-0.82,0.0038,-0.01,0.44,Put,2025-12-19,202.52
310.00,,106.70,107.60,108.50,0,0,0.4539,-0.82,0.0035,-0.01,0.44,Put,2025-12-19,202.52
320.00,,116.70,117.58,118.45,0,0,0.4815,-0.82,0.0033,-0.01,0.44,Put,2025-12-19,202.52
330.00,,126.70,127.60,128.50,0,0,0.5091,-0.82,0.0031,-0.01,0.43,Put,2025-12-19,202.52
340.00,,136.70,137.60,138.50,0,0,0.5355,-0.82,0.0030,-0.01,0.43,Put,2025-12-19,202.52
350.00,,146.70,147.60,148.50,0,0,0.5611,-0.82,0.0028,-0.01,0.43,Put,2025-12-19,202.52
360.00,,156.70,157.60,158.50,0,0,0.5859000000000001,-0.82,0.0027,-0.02,0.43,Put,2025-12-19,202.52
370.00,,166.70,167.60,168.50,0,0,0.6101,-0.82,0.0026,-0.02,0.43,Put,2025-12-19,202.52
380.00,,175.10,176.77,178.45,0,0,0.6142,-0.83,0.0025,-0.01,0.42,Put,2025-12-19,202.52
390.00,,185.00,186.75,188.50,0,0,0.6365999999999999,-0.83,0.0024,-0.01,0.42,Put,2025-12-19,202.52
400.00,,195.10,196.80,198.50,0,0,0.6604000000000001,-0.83,0.0023,-0.02,0.42,Put,2025-12-19,202.52
5.00,,195.75,197.88,200.00,0,94,3.6132,1.00,0.0000,-0.01,0.02,Call,2026-01-16,202.52
10.00,195.39,191.00,193.00,195.00,1,1,2.5533,0.99,0.0000,-0.02,0.03,Call,2026-01-16,202.52
15.00,,186.05,188.03,190.00,0,1,2.0831,0.99,0.0001,-0.02,0.04,Call,2026-01-16,202.52
20.00,,180.95,183.23,185.50,0,10,1.8228,0.99,0.0001,-0.02,0.05,Call,2026-01-16,202.52
25.00,,175.80,178.15,180.50,0,4,1.5902,0.99,0.0001,-0.02,0.06,Call,2026-01-16,202.52
30.00,,171.25,173.38,175.50,0,137,1.4539,0.98,0.0002,-0.02,0.07,Call,2026-01-16,202.52
35.00,,166.70,168.80,170.90,0,41,1.3683,0.98,0.0002,-0.02,0.08,Call,2026-01-16,202.52
40.00,,161.85,163.45,165.05,0,28,1.202,0.98,0.0002,-0.02,0.08,Call,2026-01-16,202.52
45.00,,157.05,158.65,160.25,0,98,1.1219,0.98,0.0002,-0.02,0.09,Call,2026-01-16,202.52
50.00,,152.25,153.85,155.45,0,1403,1.0513,0.98,0.0003,-0.02,0.09,Call,2026-01-16,202.52
55.00,,147.55,149.13,150.70,0,293,0.9954999999999999,0.98,0.0003,-0.02,0.10,Call,2026-01-16,202.52
60.00,,142.75,144.33,145.90,0,426,0.9378,0.97,0.0004,-0.02,0.11,Call,2026-01-16,202.52
65.00,,137.95,139.55,141.15,0,118,0.8873000000000001,0.97,0.0004,-0.03,0.12,Call,2026-01-16,202.52
70.00,,133.25,134.83,136.40,0,229,0.8445,0.97,0.0005,-0.03,0.13,Call,2026-01-16,202.52
75.00,,128.45,130.05,131.65,0,96,0.8007,0.96,0.0006,-0.03,0.14,Call,2026-01-16,202.52
80.00,,123.70,125.30,126.90,0,665,0.7615000000000001,0.96,0.0006,-0.03,0.15,Call,2026-01-16,202.52
85.00,,119.00,120.60,122.20,0,211,0.7277,0.96,0.0007,-0.03,0.16,Call,2026-01-16,202.52
90.00,,114.35,115.93,117.50,0,92,0.6967,0.95,0.0008,-0.03,0.17,Call,2026-01-16,202.52
95.00,,110.65,111.23,111.80,0,169,0.6656,0.95,0.0009,-0.03,0.18,Call,2026-01-16,202.52
100.00,110.0,106.00,107.08,108.15,2,2142,0.6625,0.94,0.0010,-0.03,0.21,Call,2026-01-16,202.52
105.00,106.06,101.35,101.98,102.60,6,179,0.6136,0.94,0.0011,-0.03,0.22,Call,2026-01-16,202.52
110.00,98.5,95.95,96.95,97.95,2,341,0.5706,0.94,0.0013,-0.03,0.22,Call,2026-01-16,202.52
115.00,,92.35,92.82,93.30,0,304,0.5675,0.92,0.0014,-0.04,0.25,Call,2026-01-16,202.52
120.00,92.2,88.15,88.88,89.60,95,777,0.5675,0.91,0.0016,-0.04,0.28,Call,2026-01-16,202.52
125.00,85.95,82.65,84.40,86.15,87,834,0.5467,0.90,0.0018,-0.04,0.30,Call,2026-01-16,202.52
130.00,79.45,79.30,80.48,81.65,6,659,0.5425,0.89,0.0020,-0.04,0.33,Call,2026-01-16,202.52
135.00,79.35,74.90,75.78,76.65,49,347,0.514,0.88,0.0022,-0.04,0.35,Call,2026-01-16,202.52
140.00,72.95,70.65,71.03,71.40,31,1127,0.48469999999999996,0.87,0.0025,-0.04,0.37,Call,2026-01-16,202.52
145.00,68.05,66.35,66.75,67.15,2,286,0.4683,0.86,0.0027,-0.05,0.39,Call,2026-01-16,202.52
150.00,65.4,62.30,62.68,63.05,183,11037,0.456,0.84,0.0030,-0.05,0.42,Call,2026-01-16,202.52
155.00,59.8,57.80,58.38,58.95,20,388,0.43729999999999997,0.83,0.0033,-0.05,0.45,Call,2026-01-16,202.52
160.00,56.2,53.85,54.45,55.05,47,606,0.4261,0.81,0.0037,-0.05,0.48,Call,2026-01-16,202.52
165.00,52.35,50.50,50.68,50.85,4,963,0.4164,0.79,0.0040,-0.05,0.51,Call,2026-01-16,202.52
170.00,47.14,46.70,47.90,49.10,72,1414,0.42369999999999997,0.76,0.0042,-0.05,0.54,Call,2026-01-16,202.52
175.00,43.4,43.10,44.30,45.50,23,2562,0.4132,0.74,0.0045,-0.05,0.57,Call,2026-01-16,202.52
180.00,40.3,39.60,40.78,41.95,139,13197,0.4023,0.71,0.0048,-0.05,0.59,Call,2026-01-16,202.52
185.00,38.75,36.25,36.95,37.65,173,2259,0.38520000000000004,0.69,0.0052,-0.05,0.62,Call,2026-01-16,202.52
190.00,35.4,32.95,34.15,35.35,191,4517,0.3829,0.66,0.0055,-0.06,0.64,Call,2026-01-16,202.52
195.00,32.25,29.85,30.10,30.35,76,6598,0.3594,0.63,0.0060,-0.05,0.66,Call,2026-01-16,202.52
200.00,27.2,27.20,27.25,27.30,310,16612,0.35259999999999997,0.60,0.0063,-0.05,0.67,Call,2026-01-16,202.52
205.00,26.5,24.25,24.88,25.50,319,3500,0.3508,0.57,0.0064,-0.05,0.69,Call,2026-01-16,202.52
210.00,21.89,21.60,22.23,22.85,415,7848,0.3428,0.54,0.0066,-0.05,0.69,Call,2026-01-16,202.52
215.00,19.33,19.20,19.80,20.40,840,5547,0.336,0.50,0.0068,-0.05,0.70,Call,2026-01-16,202.52
220.00,17.65,16.85,17.58,18.30,446,15935,0.3299,0.47,0.0069,-0.05,0.69,Call,2026-01-16,202.52
225.00,16.0,14.75,15.38,16.00,264,9516,0.3221,0.43,0.0070,-0.05,0.69,Call,2026-01-16,202.52
230.00,12.95,12.85,13.00,13.15,530,11904,0.3093,0.39,0.0071,-0.05,0.67,Call,2026-01-16,202.52
235.00,11.2,11.05,11.18,11.30,646,13832,0.3023,0.36,0.0071,-0.04,0.65,Call,2026-01-16,202.52
240.00,9.6,9.55,9.63,9.70,899,8017,0.29719999999999996,0.32,0.0069,-0.04,0.63,Call,2026-01-16,202.52
245.00,8.25,8.05,8.18,8.30,550,10881,0.2913,0.29,0.0067,-0.04,0.60,Call,2026-01-16,202.52
250.00,7.5,6.80,6.93,7.05,2349,22121,0.2863,0.26,0.0065,-0.03,0.57,Call,2026-01-16,202.52
255.00,5.9,5.70,6.33,6.95,544,8666,0.2909,0.24,0.0061,-0.03,0.54,Call,2026-01-16,202.52
260.00,4.85,4.00,4.48,4.95,398,16412,0.2691,0.19,0.0058,-0.03,0.48,Call,2026-01-16,202.52
265.00,4.12,4.00,4.10,4.20,296,3764,0.27440000000000003,0.18,0.0054,-0.03,0.45,Call,2026-01-16,202.52
270.00,3.5,3.35,3.40,3.45,83,9148,0.2708,0.15,0.0050,-0.02,0.41,Call,2026-01-16,202.52
275.00,3.25,2.57,2.74,2.91,244,5581,0.2658,0.13,0.0046,-0.02,0.37,Call,2026-01-16,202.52
280.00,2.85,2.30,2.37,2.43,217,22481,0.2664,0.12,0.0042,-0.02,0.34,Call,2026-01-16,202.52
285.00,2.27,1.92,1.98,2.04,2058,9884,0.265,0.10,0.0038,-0.02,0.31,Call,2026-01-16,202.52
290.00,1.9,1.59,1.66,1.73,18,6142,0.264,0.09,0.0034,-0.01,0.27,Call,2026-01-16,202.52
300.00,1.18,1.15,1.19,1.24,859,36654,0.2639,0.06,0.0027,-0.01,0.22,Call,2026-01-16,202.52
310.00,0.92,0.83,0.88,0.92,391,38467,0.26489999999999997,0.05,0.0022,-0.01,0.18,Call,2026-01-16,202.52
320.00,0.64,0.62,0.66,0.70,705,9823,0.2673,0.04,0.0018,-0.01,0.15,Call,2026-01-16,202.52
330.00,0.56,0.44,0.49,0.54,10,6721,0.2688,0.03,0.0014,-0.01,0.12,Call,2026-01-16,202.52
340.00,0.43,0.35,0.39,0.43,12,1709,0.273,0.02,0.0012,-0.01,0.10,Call,2026-01-16,202.52
350.00,0.36,0.29,0.32,0.36,26,3799,0.2786,0.02,0.0010,0.00,0.08,Call,2026-01-16,202.52
360.00,0.29,0.22,0.27,0.31,4,426,0.2829,0.02,0.0008,0.00,0.07,Call,2026-01-16,202.52
370.00,0.23,0.18,0.22,0.26,3,1249,0.2874,0.01,0.0007,0.00,0.06,Call,2026-01-16,202.52
380.00,0.21,0.18,0.21,0.23,4,377,0.2958,0.01,0.0006,0.00,0.06,Call,2026-01-16,202.52
390.00,0.19,0.19,0.20,0.20,123,3065,0.3045,0.01,0.0006,0.00,0.05,Call,2026-01-16,202.52
5.00,,0.00,0.01,0.02,0,12657,1.3987,0.00,0.0000,0.00,0.00,Put,2026-01-16,202.52
10.00,,0.00,0.01,0.02,0,2179,1.1197,0.00,0.0000,0.00,0.00,Put,2026-01-16,202.52
15.00,,0.00,0.03,0.06,0,0,1.0608,0.00,0.0000,0.00,0.00,Put,2026-01-16,202.52
20.00,0.01,0.01,0.05,0.08,1,384,0.9782,0.00,0.0000,0.00,0.00,Put,2026-01-16,202.52
25.00,,0.03,0.07,0.10,0,2,0.9166,0.00,0.0000,0.00,0.01,Put,2026-01-16,202.52
30.00,0.07,0.08,0.10,0.12,17,2374,0.8767,0.00,0.0000,0.00,0.01,Put,2026-01-16,202.52
35.00,,0.09,0.11,0.12,0,165,0.8109000000000001,0.00,0.0000,0.00,0.01,Put,2026-01-16,202.52
40.00,0.12,0.12,0.14,0.16,1,99,0.7759,0.00,0.0001,0.00,0.02,Put,2026-01-16,202.52
45.00,,0.00,0.12,0.24,0,1273,0.708,0.00,0.0001,0.00,0.01,Put,2026-01-16,202.52
50.00,,0.17,0.23,0.29,0,1646,0.7158,0.00,0.0001,0.00,0.02,Put,2026-01-16,202.52
55.00,,0.25,0.30,0.35,0,190,0.6937000000000001,-0.01,0.0001,0.00,0.03,Put,2026-01-16,202.52
60.00,0.39,0.35,0.38,0.40,3,1356,0.6709999999999999,-0.01,0.0002,0.00,0.04,Put,2026-01-16,202.52
65.00,0.47,0.40,0.45,0.49,41,4805,0.6459999999999999,-0.01,0.0002,-0.01,0.05,Put,2026-01-16,202.52
70.00,0.51,0.30,0.44,0.58,8,1307,0.6059,-0.01,0.0003,0.00,0.05,Put,2026-01-16,202.52
75.00,0.58,0.60,0.65,0.70,117,4581,0.6064,-0.01,0.0003,-0.01,0.06,Put,2026-01-16,202.52
80.00,0.66,0.72,0.77,0.81,4,1754,0.5869,-0.02,0.0004,-0.01,0.07,Put,2026-01-16,202.52
85.00,0.87,0.85,0.89,0.92,13,1317,0.5671,-0.02,0.0005,-0.01,0.09,Put,2026-01-16,202.52
90.00,1.03,1.00,1.05,1.10,5,2402,0.5513,-0.02,0.0006,-0.01,0.10,Put,2026-01-16,202.52
95.00,1.15,1.17,1.22,1.27,30,6031,0.5347,-0.03,0.0007,-0.01,0.11,Put,2026-01-16,202.52
100.00,1.3,1.36,1.41,1.45,579,3570,0.5183,-0.03,0.0008,-0.01,0.13,Put,2026-01-16,202.52
105.00,1.52,1.58,1.63,1.67,5,9486,0.5033,-0.04,0.0010,-0.01,0.15,Put,2026-01-16,202.52
110.00,1.88,1.62,1.78,1.93,9,2550,0.483,-0.04,0.0011,-0.01,0.16,Put,2026-01-16,202.52
115.00,2.21,2.11,2.17,2.22,1,1063,0.4758,-0.05,0.0013,-0.01,0.19,Put,2026-01-16,202.52
120.00,2.33,2.43,2.49,2.55,51,2103,0.4629,-0.06,0.0015,-0.02,0.21,Put,2026-01-16,202.52
125.00,2.69,2.81,2.87,2.93,27,2850,0.4511,-0.07,0.0017,-0.02,0.23,Put,2026-01-16,202.52
130.00,3.2,3.20,3.30,3.40,26,7610,0.4396,-0.08,0.0019,-0.02,0.26,Put,2026-01-16,202.52
135.00,3.5,3.70,3.80,3.90,5,2337,0.4292,-0.09,0.0022,-0.02,0.29,Put,2026-01-16,202.52
140.00,4.25,4.25,4.35,4.45,63,3423,0.41869999999999996,-0.11,0.0025,-0.02,0.32,Put,2026-01-16,202.52
145.00,5.0,4.85,4.98,5.10,11,2523,0.40869999999999995,-0.12,0.0028,-0.02,0.35,Put,2026-01-16,202.52
150.00,5.25,5.65,5.73,5.80,185,17929,0.4004,-0.14,0.0031,-0.02,0.38,Put,2026-01-16,202.52
155.00,6.05,6.45,6.55,6.65,931,2834,0.39189999999999997,-0.16,0.0035,-0.03,0.42,Put,2026-01-16,202.52
160.00,7.42,7.35,7.45,7.55,53,5499,0.3832,-0.18,0.0039,-0.03,0.45,Put,2026-01-16,202.52
165.00,8.45,8.35,8.48,8.60,56,7703,0.3753,-0.20,0.0042,-0.03,0.49,Put,2026-01-16,202.52
170.00,9.05,7.30,8.53,9.75,414,19726,0.3464,-0.21,0.0048,-0.03,0.51,Put,2026-01-16,202.52
175.00,10.4,10.75,10.90,11.05,147,7097,0.3608,-0.25,0.0050,-0.03,0.55,Put,2026-01-16,202.52
180.00,12.15,12.15,12.30,12.45,4199,26605,0.35369999999999996,-0.27,0.0054,-0.03,0.58,Put,2026-01-16,202.52
185.00,12.9,13.70,13.85,14.00,570,8153,0.3472,-0.30,0.0058,-0.03,0.61,Put,2026-01-16,202.52
190.00,15.51,14.40,15.05,15.70,1239,12979,0.3329,-0.33,0.0062,-0.03,0.64,Put,2026-01-16,202.52
195.00,16.3,17.20,17.35,17.50,210,3963,0.33390000000000003,-0.37,0.0065,-0.03,0.66,Put,2026-01-16,202.52
200.00,19.15,18.20,18.85,19.50,926,22432,0.32030000000000003,-0.40,0.0069,-0.03,0.68,Put,2026-01-16,202.52
205.00,20.4,20.40,21.08,21.75,579,7113,0.3154,-0.44,0.0071,-0.03,0.69,Put,2026-01-16,202.52
210.00,22.2,22.70,24.15,25.60,211,20303,0.32049999999999995,-0.47,0.0071,-0.03,0.69,Put,2026-01-16,202.52
215.00,24.9,24.80,26.43,28.05,154,11468,0.31170000000000003,-0.51,0.0073,-0.03,0.70,Put,2026-01-16,202.52
220.00,27.45,28.15,29.35,30.55,88,14215,0.3099,-0.54,0.0073,-0.02,0.69,Put,2026-01-16,202.52
225.00,32.72,31.50,31.98,32.45,75,9176,0.3015,-0.58,0.0074,-0.02,0.68,Put,2026-01-16,202.52
230.00,32.15,34.65,35.22,35.80,118,9251,0.2999,-0.61,0.0073,-0.02,0.67,Put,2026-01-16,202.52
235.00,36.7,38.15,38.68,39.20,3,3980,0.2992,-0.64,0.0071,-0.02,0.65,Put,2026-01-16,202.52
240.00,37.4,41.60,42.13,42.65,1,4255,0.2964,-0.68,0.0069,-0.01,0.63,Put,2026-01-16,202.52
245.00,45.28,45.35,45.98,46.60,10,1694,0.2979,-0.70,0.0067,-0.01,0.61,Put,2026-01-16,202.52
250.00,47.6,49.55,49.97,50.40,4,3158,0.3003,-0.73,0.0063,-0.01,0.58,Put,2026-01-16,202.52
255.00,,53.45,54.18,54.90,0,1005,0.30469999999999997,-0.75,0.0060,-0.01,0.56,Put,2026-01-16,202.52
260.00,,57.80,58.47,59.15,0,1174,0.3096,-0.77,0.0057,-0.01,0.54,Put,2026-01-16,202.52
265.00,,62.30,63.05,63.80,0,379,0.3186,-0.78,0.0054,-0.01,0.52,Put,2026-01-16,202.52
270.00,67.2,67.00,67.75,68.50,276,983,0.32939999999999997,-0.79,0.0051,-0.01,0.51,Put,2026-01-16,202.52
275.00,,72.10,72.78,73.45,0,267,0.3461,-0.79,0.0048,-0.01,0.51,Put,2026-01-16,202.52
280.00,,76.65,77.58,78.50,0,53,0.3579,-0.79,0.0045,-0.01,0.50,Put,2026-01-16,202.52
285.00,,81.65,82.60,83.55,0,0,0.3739,-0.80,0.0043,-0.01,0.49,Put,2026-01-16,202.52
290.00,,86.60,87.57,88.55,0,1,0.3885,-0.80,0.0041,-0.01,0.49,Put,2026-01-16,202.52
300.00,,96.65,97.55,98.45,0,0,0.4174,-0.80,0.0038,-0.01,0.49,Put,2026-01-16,202.52
310.00,,106.65,107.60,108.55,0,1,0.4468,-0.80,0.0036,-0.01,0.48,Put,2026-01-16,202.52
320.00,,116.65,117.60,118.55,0,0,0.4742,-0.80,0.0033,-0.01,0.48,Put,2026-01-16,202.52
330.00,,126.65,127.60,128.55,0,0,0.5007,-0.81,0.0032,-0.01,0.48,Put,2026-01-16,202.52
340.00,,136.65,137.60,138.55,0,0,0.5263,-0.81,0.0030,-0.01,0.48,Put,2026-01-16,202.52
350.00,,146.65,147.60,148.55,0,0,0.5513,-0.81,0.0029,-0.01,0.48,Put,2026-01-16,202.52
360.00,,156.65,157.60,158.55,0,0,0.5754,-0.81,0.0027,-0.01,0.48,Put,2026-01-16,202.52
370.00,,166.65,167.60,168.55,0,0,0.599,-0.81,0.0026,-0.02,0.48,Put,2026-01-16,202.52
380.00,,176.65,177.58,178.50,0,0,0.6214999999999999,-0.80,0.0025,-0.02,0.48,Put,2026-01-16,202.52
390.00,,185.00,186.78,188.55,0,0,0.6269,-0.81,0.0024,-0.01,0.47,Put,2026-01-16,202.52
90.00,119.88,114.60,116.48,118.35,76,0,0.6388,0.95,0.0008,-0.03,0.19,Call,2026-03-20,202.52
95.00,,110.40,111.88,113.35,0,1,0.6134000000000001,0.95,0.0009,-0.03,0.21,Call,2026-03-20,202.52
100.00,112.0,105.75,107.15,108.55,6,33,0.5832,0.94,0.0010,-0.03,0.22,Call,2026-03-20,202.52
105.00,,100.95,102.73,104.50,0,31,0.5668,0.94,0.0011,-0.03,0.24,Call,2026-03-20,202.52
110.00,103.5,96.55,97.68,98.80,10,21,0.5253,0.93,0.0013,-0.03,0.25,Call,2026-03-20,202.52
115.00,93.9,92.90,93.60,94.30,2,97,0.5227,0.92,0.0014,-0.03,0.28,Call,2026-03-20,202.52
120.00,91.5,88.60,89.28,89.95,1,42,0.5088,0.91,0.0016,-0.03,0.30,Call,2026-03-20,202.52
125.00,,84.40,84.88,85.35,0,77,0.49200000000000005,0.90,0.0018,-0.03,0.33,Call,2026-03-20,202.52
130.00,81.11,80.25,81.10,81.95,9,216,0.49219999999999997,0.89,0.0020,-0.04,0.36,Call,2026-03-20,202.52
135.00,,75.85,76.32,76.80,0,117,0.4637,0.88,0.0022,-0.04,0.38,Call,2026-03-20,202.52
140.00,74.05,71.70,72.13,72.55,5,144,0.45030000000000003,0.87,0.0024,-0.04,0.41,Call,2026-03-20,202.52
145.00,,67.55,68.00,68.45,0,156,0.4378,0.86,0.0027,-0.04,0.44,Call,2026-03-20,202.52
150.00,65.32,62.75,64.03,65.30,27,495,0.4277,0.84,0.0029,-0.04,0.47,Call,2026-03-20,202.52
155.00,60.61,59.75,61.13,62.50,2,319,0.4375,0.82,0.0031,-0.04,0.51,Call,2026-03-20,202.52
160.00,59.13,55.85,57.23,58.60,6,290,0.4252,0.80,0.0034,-0.05,0.54,Call,2026-03-20,202.52
165.00,54.57,50.95,52.38,53.80,1,152,0.39520000000000005,0.79,0.0038,-0.04,0.56,Call,2026-03-20,202.52
170.00,49.36,48.70,49.45,50.20,7,267,0.3983,0.76,0.0040,-0.05,0.60,Call,2026-03-20,202.52
175.00,45.55,45.10,45.85,46.60,10,336,0.3881,0.74,0.0043,-0.05,0.63,Call,2026-03-20,202.52
180.00,43.0,41.70,41.98,42.25,125,455,0.3724,0.72,0.0047,-0.05,0.65,Call,2026-03-20,202.52
185.00,41.02,38.45,38.73,39.00,19,593,0.365,0.69,0.0050,-0.05,0.68,Call,2026-03-20,202.52
190.00,36.5,35.25,35.53,35.80,61,761,0.3569,0.67,0.0053,-0.05,0.70,Call,2026-03-20,202.52
195.00,34.4,32.25,32.53,32.80,11,1777,0.34990000000000004,0.64,0.0055,-0.05,0.73,Call,2026-03-20,202.52
200.00,30.25,29.40,29.65,29.90,219,3397,0.3431,0.61,0.0058,-0.05,0.74,Call,2026-03-20,202.52
210.00,24.33,24.15,24.70,25.25,216,684,0.335,0.55,0.0061,-0.05,0.77,Call,2026-03-20,202.52
220.00,20.9,19.40,19.60,19.80,201,2301,0.3181,0.49,0.0065,-0.04,0.77,Call,2026-03-20,202.52
230.00,15.95,15.25,15.43,15.60,186,1424,0.3061,0.42,0.0066,-0.04,0.76,Call,2026-03-20,202.52
240.00,11.9,11.85,12.35,12.85,706,3180,0.3016,0.36,0.0064,-0.04,0.73,Call,2026-03-20,202.52
250.00,10.03,8.25,9.18,10.10,498,3355,0.28859999999999997,0.30,0.0062,-0.03,0.67,Call,2026-03-20,202.52
260.00,7.4,6.50,6.63,6.75,298,2195,0.2768,0.24,0.0058,-0.03,0.60,Call,2026-03-20,202.52
270.00,5.55,4.65,5.05,5.45,218,2119,0.27390000000000003,0.19,0.0052,-0.03,0.53,Call,2026-03-20,202.52
280.00,3.5,3.45,3.53,3.60,87,1144,0.2651,0.15,0.0045,-0.02,0.45,Call,2026-03-20,202.52
290.00,2.72,2.50,2.55,2.61,158,1125,0.2613,0.12,0.0038,-0.02,0.38,Call,2026-03-20,202.52
300.00,2.2,1.78,1.85,1.92,64,2965,0.2588,0.09,0.0032,-0.01,0.31,Call,2026-03-20,202.52
310.00,1.57,1.30,1.36,1.42,8,749,0.2576,0.07,0.0026,-0.01,0.25,Call,2026-03-20,202.52
320.00,1.2,0.97,1.02,1.07,38,558,0.2579,0.05,0.0022,-0.01,0.21,Call,2026-03-20,202.52
330.00,0.75,0.73,0.90,1.06,2,416,0.2656,0.05,0.0019,-0.01,0.19,Call,2026-03-20,202.52
340.00,0.77,0.57,0.63,0.68,4,109,0.2623,0.03,0.0015,-0.01,0.15,Call,2026-03-20,202.52
350.00,0.54,0.45,0.50,0.55,100,1507,0.2652,0.03,0.0012,-0.01,0.12,Call,2026-03-20,202.52
360.00,0.43,0.36,0.41,0.46,2,726,0.2687,0.02,0.0010,0.00,0.11,Call,2026-03-20,202.52
370.00,0.35,0.30,0.35,0.39,3,713,0.2729,0.02,0.0009,0.00,0.09,Call,2026-03-20,202.52
90.00,1.17,1.15,1.21,1.27,2,8,0.5149,-0.03,0.0006,-0.01,0.12,Put,2026-03-20,202.52
95.00,1.42,1.35,1.41,1.46,7,8,0.5001,-0.03,0.0007,-0.01,0.14,Put,2026-03-20,202.52
100.00,1.48,1.56,1.62,1.68,19,109,0.4858,-0.04,0.0008,-0.01,0.15,Put,2026-03-20,202.52
105.00,1.82,1.81,1.88,1.94,6,19,0.4728,-0.04,0.0010,-0.01,0.17,Put,2026-03-20,202.52
110.00,2.04,2.10,2.17,2.24,10,519,0.4607,-0.05,0.0011,-0.01,0.20,Put,2026-03-20,202.52
115.00,2.37,2.23,2.40,2.57,2,423,0.44439999999999996,-0.06,0.0013,-0.01,0.22,Put,2026-03-20,202.52
120.00,2.65,2.81,2.88,2.95,10,350,0.43799999999999994,-0.07,0.0015,-0.01,0.25,Put,2026-03-20,202.52
125.00,,3.20,3.30,3.40,0,845,0.42729999999999996,-0.08,0.0017,-0.02,0.27,Put,2026-03-20,202.52
130.00,3.6,3.70,3.80,3.90,5,352,0.4179,-0.09,0.0019,-0.02,0.30,Put,2026-03-20,202.52
135.00,4.07,4.25,4.38,4.50,23,572,0.4093,-0.10,0.0022,-0.02,0.34,Put,2026-03-20,202.52
140.00,4.65,4.90,5.03,5.15,43,978,0.4011,-0.11,0.0025,-0.02,0.37,Put,2026-03-20,202.52
145.00,,5.60,5.73,5.85,0,233,0.3926,-0.13,0.0027,-0.02,0.40,Put,2026-03-20,202.52
150.00,6.05,6.05,6.85,7.65,187,580,0.3922,-0.15,0.0030,-0.02,0.45,Put,2026-03-20,202.52
155.00,7.15,7.30,7.43,7.55,3,2288,0.3775,-0.16,0.0034,-0.02,0.47,Put,2026-03-20,202.52
160.00,7.8,8.25,8.40,8.55,31,1989,0.3701,-0.18,0.0037,-0.02,0.51,Put,2026-03-20,202.52
165.00,9.65,9.40,9.53,9.65,205,2730,0.3638,-0.20,0.0040,-0.02,0.55,Put,2026-03-20,202.52
170.00,9.95,10.55,10.73,10.90,61,1376,0.35710000000000003,-0.23,0.0043,-0.02,0.58,Put,2026-03-20,202.52
175.00,11.28,11.95,12.10,12.25,10,821,0.3515,-0.25,0.0047,-0.02,0.62,Put,2026-03-20,202.52
180.00,12.72,13.40,13.55,13.70,19,1218,0.3453,-0.28,0.0050,-0.03,0.65,Put,2026-03-20,202.52
185.00,14.9,14.95,15.15,15.35,6,1287,0.3396,-0.30,0.0053,-0.03,0.68,Put,2026-03-20,202.52
190.00,16.8,16.65,16.88,17.10,423,1968,0.33390000000000003,-0.33,0.0056,-0.03,0.70,Put,2026-03-20,202.52
195.00,17.65,18.60,18.80,19.00,262,3655,0.3292,-0.36,0.0059,-0.03,0.72,Put,2026-03-20,202.52
200.00,19.5,19.70,20.38,21.05,113,2823,0.318,-0.39,0.0062,-0.02,0.74,Put,2026-03-20,202.52
210.00,24.3,24.20,24.92,25.65,189,1858,0.309,-0.46,0.0066,-0.02,0.77,Put,2026-03-20,202.52
220.00,29.8,28.50,29.73,30.95,167,2265,0.2958,-0.52,0.0070,-0.02,0.77,Put,2026-03-20,202.52
230.00,35.0,36.15,36.90,37.65,7,1658,0.3062,-0.58,0.0066,-0.02,0.76,Put,2026-03-20,202.52
240.00,41.31,42.30,43.45,44.60,5,1625,0.3017,-0.64,0.0064,-0.01,0.73,Put,2026-03-20,202.52
250.00,49.38,50.40,51.40,52.40,12,509,0.3107,-0.68,0.0059,-0.01,0.69,Put,2026-03-20,202.52
260.00,,58.15,59.15,60.15,0,485,0.3118,-0.72,0.0055,-0.01,0.65,Put,2026-03-20,202.52
270.00,,67.30,68.45,69.60,0,47,0.3331,-0.74,0.0050,-0.01,0.62,Put,2026-03-20,202.52
280.00,75.87,75.80,77.65,79.50,1,2,0.3506,-0.76,0.0046,-0.01,0.60,Put,2026-03-20,202.52
290.00,84.85,85.80,87.60,89.40,1,20,0.379,-0.77,0.0042,-0.01,0.59,Put,2026-03-20,202.52
300.00,,95.80,97.57,99.35,0,0,0.4067,-0.77,0.0038,-0.01,0.59,Put,2026-03-20,202.52
310.00,,105.70,107.55,109.40,0,0,0.43320000000000003,-0.77,0.0036,-0.01,0.58,Put,2026-03-20,202.52
320.00,,115.70,117.55,119.40,0,0,0.4594,-0.77,0.0034,-0.01,0.58,Put,2026-03-20,202.52
330.00,,125.70,127.55,129.40,0,0,0.48469999999999996,-0.78,0.0032,-0.01,0.58,Put,2026-03-20,202.52
340.00,,135.70,137.55,139.40,0,0,0.5091,-0.78,0.0030,-0.01,0.58,Put,2026-03-20,202.52
350.00,,145.70,147.55,149.40,0,0,0.5329,-0.78,0.0029,-0.01,0.58,Put,2026-03-20,202.52
360.00,,155.80,157.60,159.40,0,0,0.5568,-0.78,0.0028,-0.01,0.58,Put,2026-03-20,202.52
370.00,,165.70,167.55,169.40,0,0,0.5784,-0.78,0.0027,-0.01,0.58,Put,2026-03-20,202.52
5.00,,195.60,197.48,199.35,0,12,2.8958999999999997,1.00,0.0000,-0.01,0.02,Call,2026-06-18,202.52
10.00,,190.15,192.28,194.40,0,3,1.9454,0.99,0.0000,-0.01,0.04,Call,2026-06-18,202.52
15.00,,185.50,187.48,189.45,0,1,1.6125,0.99,0.0001,-0.01,0.05,Call,2026-06-18,202.52
20.00,,180.50,182.58,184.65,0,6,1.3853,0.99,0.0001,-0.01,0.06,Call,2026-06-18,202.52
25.00,,175.55,177.73,179.90,0,0,1.2275,0.99,0.0001,-0.01,0.07,Call,2026-06-18,202.52
30.00,,171.00,173.10,175.20,0,2,1.1338,0.99,0.0001,-0.01,0.08,Call,2026-06-18,202.52
35.00,,166.05,168.23,170.40,0,3,1.0273,0.98,0.0002,-0.01,0.08,Call,2026-06-18,202.52
40.00,,161.95,163.80,165.65,0,1,0.9856,0.98,0.0002,-0.01,0.10,Call,2026-06-18,202.52
45.00,158.5,157.25,159.13,161.00,1,3,0.9240999999999999,0.98,0.0002,-0.02,0.11,Call,2026-06-18,202.52
50.00,,152.85,154.40,155.95,0,707,0.8654999999999999,0.98,0.0003,-0.02,0.12,Call,2026-06-18,202.52
55.00,,147.85,149.73,151.60,0,192,0.8170999999999999,0.97,0.0003,-0.02,0.13,Call,2026-06-18,202.52
60.00,,143.15,145.03,146.90,0,173,0.7714,0.97,0.0004,-0.02,0.14,Call,2026-06-18,202.52
65.00,,138.50,140.40,142.30,0,21,0.7345,0.97,0.0004,-0.02,0.15,Call,2026-06-18,202.52
70.00,,134.20,135.80,137.40,0,448,0.7018000000000001,0.97,0.0005,-0.02,0.17,Call,2026-06-18,202.52
75.00,,129.55,131.15,132.75,0,321,0.6681,0.96,0.0006,-0.02,0.18,Call,2026-06-18,202.52
80.00,,125.10,126.55,128.00,0,371,0.6391,0.96,0.0006,-0.02,0.19,Call,2026-06-18,202.52
85.00,,120.10,121.95,123.80,0,120,0.6114999999999999,0.95,0.0007,-0.02,0.21,Call,2026-06-18,202.52
90.00,,116.05,117.43,118.80,0,1703,0.5884,0.95,0.0008,-0.02,0.23,Call,2026-06-18,202.52
95.00,,111.05,112.63,114.20,0,229,0.5544,0.95,0.0009,-0.02,0.24,Call,2026-06-18,202.52
100.00,111.3,107.00,108.38,109.75,7,2202,0.5440999999999999,0.94,0.0010,-0.03,0.26,Call,2026-06-18,202.52
105.00,,102.15,103.88,105.60,0,168,0.5236,0.93,0.0011,-0.03,0.28,Call,2026-06-18,202.52
110.00,,98.85,99.53,100.20,0,183,0.5083,0.93,0.0013,-0.03,0.31,Call,2026-06-18,202.52
115.00,95.35,94.80,95.32,95.85,2,233,0.4972,0.92,0.0014,-0.03,0.33,Call,2026-06-18,202.52
120.00,91.2,88.55,90.38,92.20,6,482,0.4639,0.91,0.0016,-0.03,0.34,Call,2026-06-18,202.52
125.00,,85.50,86.28,87.05,0,159,0.45539999999999997,0.90,0.0017,-0.03,0.38,Call,2026-06-18,202.52
130.00,82.05,81.70,82.68,83.65,22,353,0.4578,0.89,0.0019,-0.03,0.42,Call,2026-06-18,202.52
135.00,78.15,78.05,78.30,78.55,43,698,0.4399,0.88,0.0021,-0.03,0.44,Call,2026-06-18,202.52
140.00,75.1,73.95,74.73,75.50,35,435,0.439,0.86,0.0023,-0.04,0.48,Call,2026-06-18,202.52
145.00,70.15,69.80,70.25,70.70,19,252,0.4182,0.85,0.0026,-0.04,0.51,Call,2026-06-18,202.52
150.00,69.0,65.20,66.43,67.65,23,831,0.40990000000000004,0.84,0.0028,-0.04,0.54,Call,2026-06-18,202.52
155.00,62.2,62.40,63.15,63.90,22,369,0.41,0.82,0.0030,-0.04,0.58,Call,2026-06-18,202.52
160.00,61.6,58.70,59.93,61.15,37,992,0.4089,0.80,0.0032,-0.04,0.62,Call,2026-06-18,202.52
165.00,57.51,55.05,56.28,57.50,2,711,0.3994,0.78,0.0034,-0.04,0.65,Call,2026-06-18,202.52
170.00,54.38,51.55,52.30,53.05,10,1252,0.38420000000000004,0.76,0.0037,-0.04,0.68,Call,2026-06-18,202.52
175.00,50.49,48.15,48.90,49.65,2,578,0.3766,0.74,0.0039,-0.04,0.71,Call,2026-06-18,202.52
180.00,47.44,44.80,45.05,45.30,28,1631,0.3617,0.72,0.0043,-0.04,0.73,Call,2026-06-18,202.52
185.00,43.28,41.55,42.33,43.10,65,1077,0.3611,0.70,0.0044,-0.04,0.76,Call,2026-06-18,202.52
190.00,39.95,38.50,39.25,40.00,24,5189,0.3544,0.67,0.0047,-0.04,0.79,Call,2026-06-18,202.52
195.00,38.0,35.55,35.85,36.15,14,2063,0.34240000000000004,0.65,0.0050,-0.04,0.81,Call,2026-06-18,202.52
200.00,34.98,32.75,33.50,34.25,60,4699,0.3423,0.62,0.0051,-0.04,0.83,Call,2026-06-18,202.52
205.00,30.5,30.15,30.42,30.70,291,3427,0.3319,0.60,0.0054,-0.04,0.84,Call,2026-06-18,202.52
210.00,29.5,27.55,28.25,28.95,102,4409,0.3309,0.57,0.0055,-0.04,0.86,Call,2026-06-18,202.52
215.00,26.95,25.05,25.75,26.45,28,3091,0.3248,0.54,0.0056,-0.04,0.86,Call,2026-06-18,202.52
220.00,24.85,22.75,23.13,23.50,119,3959,0.3159,0.51,0.0058,-0.04,0.87,Call,2026-06-18,202.52
225.00,21.1,20.60,20.78,20.95,252,2578,0.30879999999999996,0.48,0.0059,-0.04,0.87,Call,2026-06-18,202.52
230.00,20.5,18.60,18.75,18.90,126,6553,0.3041,0.45,0.0060,-0.04,0.86,Call,2026-06-18,202.52
235.00,17.69,16.65,16.80,16.95,144,6204,0.2988,0.42,0.0060,-0.04,0.85,Call,2026-06-18,202.52
240.00,15.1,15.00,15.15,15.30,116,3675,0.2957,0.40,0.0060,-0.04,0.84,Call,2026-06-18,202.52
245.00,14.67,13.25,13.43,13.60,66,1157,0.2903,0.37,0.0060,-0.03,0.82,Call,2026-06-18,202.52
250.00,12.1,11.60,11.85,12.10,177,14544,0.2852,0.34,0.0059,-0.03,0.80,Call,2026-06-18,202.52
255.00,11.6,10.40,10.55,10.70,193,1494,0.2822,0.31,0.0058,-0.03,0.77,Call,2026-06-18,202.52
260.00,10.05,9.15,9.30,9.45,74,3405,0.2784,0.29,0.0056,-0.03,0.74,Call,2026-06-18,202.52
265.00,9.0,8.00,8.15,8.30,115,2909,0.2747,0.26,0.0054,-0.03,0.71,Call,2026-06-18,202.52
270.00,7.17,7.00,8.25,9.50,44,2683,0.2877,0.26,0.0051,-0.03,0.70,Call,2026-06-18,202.52
275.00,7.15,6.10,6.28,6.45,140,1229,0.26899999999999996,0.22,0.0050,-0.02,0.64,Call,2026-06-18,202.52
280.00,5.7,5.30,6.45,7.60,249,8455,0.2822,0.21,0.0047,-0.02,0.63,Call,2026-06-18,202.52
285.00,5.2,4.60,4.78,4.95,693,2942,0.2639,0.18,0.0045,-0.02,0.56,Call,2026-06-18,202.52
290.00,4.55,4.00,4.15,4.30,85,2304,0.26170000000000004,0.16,0.0042,-0.02,0.53,Call,2026-06-18,202.52
300.00,3.17,3.05,3.18,3.30,272,6277,0.2589,0.13,0.0037,-0.02,0.45,Call,2026-06-18,202.52
310.00,2.82,2.31,2.41,2.51,72,2982,0.2564,0.10,0.0032,-0.01,0.39,Call,2026-06-18,202.52
320.00,2.12,1.79,1.86,1.93,16,3182,0.2554,0.08,0.0027,-0.01,0.33,Call,2026-06-18,202.52
330.00,1.61,1.38,1.44,1.51,6,742,0.255,0.07,0.0023,-0.01,0.28,Call,2026-06-18,202.52
340.00,1.31,1.07,1.14,1.20,46,7050,0.2553,0.05,0.0020,-0.01,0.24,Call,2026-06-18,202.52
350.00,0.95,0.86,0.94,1.01,135,1489,0.25780000000000003,0.04,0.0017,-0.01,0.21,Call,2026-06-18,202.52
360.00,0.76,0.70,0.76,0.83,3,1260,0.25980000000000003,0.04,0.0014,-0.01,0.18,Call,2026-06-18,202.52
370.00,0.7,0.56,0.66,0.75,1,272,0.2635,0.03,0.0013,-0.01,0.16,Call,2026-06-18,202.52
380.00,,0.06,0.33,0.61,0,206,0.24780000000000002,0.02,0.0008,0.00,0.10,Call,2026-06-18,202.52
390.00,0.5,0.27,0.40,0.53,14,589,0.263,0.02,0.0009,0.00,0.11,Call,2026-06-18,202.52
5.00,,0.00,0.04,0.07,0,4381,1.2688,0.00,0.0000,0.00,0.00,Put,2026-06-18,202.52
10.00,,0.00,0.01,0.02,0,25,0.903,0.00,0.0000,0.00,0.00,Put,2026-06-18,202.52
15.00,0.07,0.01,0.06,0.11,3,1,0.9181999999999999,0.00,0.0000,0.00,0.01,Put,2026-06-18,202.52
20.00,,0.00,0.07,0.14,0,40,0.8273,0.00,0.0000,0.00,0.01,Put,2026-06-18,202.52
25.00,,0.04,0.11,0.18,0,2251,0.7852,0.00,0.0000,0.00,0.01,Put,2026-06-18,202.52
30.00,,0.03,0.14,0.25,0,23,0.7373999999999999,0.00,0.0000,0.00,0.02,Put,2026-06-18,202.52
35.00,,0.00,0.23,0.45,0,9,0.7204,0.00,0.0001,0.00,0.02,Put,2026-06-18,202.52
40.00,,0.00,0.26,0.51,0,41,0.6779999999999999,0.00,0.0001,0.00,0.03,Put,2026-06-18,202.52
45.00,,0.25,0.41,0.56,0,279,0.6729999999999999,-0.01,0.0001,0.00,0.04,Put,2026-06-18,202.52
50.00,,0.39,0.43,0.47,0,1355,0.6336999999999999,-0.01,0.0002,0.00,0.05,Put,2026-06-18,202.52
55.00,,0.41,0.58,0.75,0,264,0.6211,-0.01,0.0002,0.00,0.06,Put,2026-06-18,202.52
60.00,,0.51,0.72,0.93,0,54,0.6035,-0.01,0.0002,0.00,0.07,Put,2026-06-18,202.52
65.00,0.7,0.62,0.69,0.75,2,32,0.5622,-0.01,0.0003,0.00,0.07,Put,2026-06-18,202.52
70.00,0.76,0.55,0.91,1.27,2,58,0.5555,-0.02,0.0003,-0.01,0.09,Put,2026-06-18,202.52
75.00,0.91,0.90,0.97,1.04,18,103,0.5291,-0.02,0.0004,-0.01,0.10,Put,2026-06-18,202.52
80.00,,1.06,1.13,1.20,0,544,0.5131,-0.02,0.0005,-0.01,0.12,Put,2026-06-18,202.52
85.00,,1.24,1.32,1.39,0,930,0.49829999999999997,-0.03,0.0006,-0.01,0.13,Put,2026-06-18,202.52
90.00,,1.44,1.53,1.61,0,635,0.48450000000000004,-0.03,0.0007,-0.01,0.15,Put,2026-06-18,202.52
95.00,1.85,1.69,1.77,1.84,2,677,0.47159999999999996,-0.04,0.0008,-0.01,0.17,Put,2026-06-18,202.52
100.00,2.14,1.96,2.04,2.12,12,1178,0.4596,-0.04,0.0009,-0.01,0.19,Put,2026-06-18,202.52
105.00,2.25,2.26,2.34,2.42,6,1470,0.44770000000000004,-0.05,0.0010,-0.01,0.22,Put,2026-06-18,202.52
110.00,2.58,2.62,2.69,2.76,15,1778,0.43700000000000006,-0.06,0.0012,-0.01,0.24,Put,2026-06-18,202.52
115.00,2.97,3.05,3.13,3.20,203,1085,0.42840000000000006,-0.06,0.0013,-0.01,0.27,Put,2026-06-18,202.52
120.00,3.3,3.45,3.55,3.65,7,2470,0.4181,-0.07,0.0015,-0.01,0.30,Put,2026-06-18,202.52
125.00,4.12,3.95,4.08,4.20,7,950,0.4097,-0.08,0.0017,-0.01,0.33,Put,2026-06-18,202.52
130.00,4.29,4.55,4.65,4.75,109,857,0.40130000000000005,-0.09,0.0019,-0.01,0.37,Put,2026-06-18,202.52
135.00,5.1,5.20,5.33,5.45,17,580,0.3942,-0.11,0.0021,-0.02,0.40,Put,2026-06-18,202.52
140.00,5.75,5.95,6.05,6.15,7,1900,0.3868,-0.12,0.0024,-0.02,0.44,Put,2026-06-18,202.52
145.00,6.45,5.70,6.35,7.00,14,787,0.369,-0.13,0.0026,-0.02,0.46,Put,2026-06-18,202.52
150.00,7.9,7.65,7.78,7.90,14,4221,0.3736,-0.15,0.0029,-0.02,0.51,Put,2026-06-18,202.52
155.00,8.45,8.65,8.78,8.90,1,1062,0.3675,-0.17,0.0032,-0.02,0.55,Put,2026-06-18,202.52
160.00,9.15,9.70,9.85,10.00,10,7648,0.3613,-0.19,0.0034,-0.02,0.59,Put,2026-06-18,202.52
165.00,11.3,10.80,11.00,11.20,293,4571,0.3549,-0.21,0.0037,-0.02,0.62,Put,2026-06-18,202.52
170.00,11.85,12.20,12.35,12.50,17,2750,0.3502,-0.23,0.0040,-0.02,0.66,Put,2026-06-18,202.52
175.00,12.97,13.60,13.77,13.95,62,3699,0.345,-0.25,0.0042,-0.02,0.69,Put,2026-06-18,202.52
180.00,14.45,15.15,15.33,15.50,198,2645,0.34020000000000006,-0.28,0.0045,-0.02,0.73,Put,2026-06-18,202.52
185.00,17.0,16.75,16.95,17.15,2,1873,0.33490000000000003,-0.30,0.0048,-0.02,0.76,Put,2026-06-18,202.52
190.00,18.6,18.60,18.78,18.95,441,5199,0.3308,-0.33,0.0050,-0.02,0.78,Put,2026-06-18,202.52
195.00,19.49,20.50,20.70,20.90,26,949,0.3264,-0.35,0.0052,-0.02,0.81,Put,2026-06-18,202.52
200.00,21.15,22.55,22.75,22.95,126,4617,0.3222,-0.38,0.0054,-0.02,0.83,Put,2026-06-18,202.52
205.00,23.75,24.75,24.98,25.20,14,1893,0.3186,-0.41,0.0056,-0.02,0.85,Put,2026-06-18,202.52
210.00,24.7,27.10,27.35,27.60,26,4057,0.3153,-0.43,0.0057,-0.02,0.86,Put,2026-06-18,202.52
215.00,29.55,27.50,28.83,30.15,2,1259,0.3,-0.47,0.0061,-0.02,0.87,Put,2026-06-18,202.52
220.00,33.1,32.20,32.50,32.80,6,2247,0.309,-0.49,0.0059,-0.02,0.87,Put,2026-06-18,202.52
225.00,,33.00,34.33,35.65,0,1678,0.29510000000000003,-0.52,0.0062,-0.01,0.87,Put,2026-06-18,202.52
230.00,35.99,38.05,38.38,38.70,8,2520,0.3055,-0.55,0.0060,-0.01,0.86,Put,2026-06-18,202.52
235.00,39.82,40.65,41.33,42.00,1,638,0.3019,-0.57,0.0060,-0.01,0.85,Put,2026-06-18,202.52
240.00,44.36,43.80,44.88,45.95,5,909,0.304,-0.60,0.0058,-0.01,0.84,Put,2026-06-18,202.52
245.00,45.9,47.10,48.55,50.00,5,524,0.3064,-0.62,0.0057,-0.01,0.83,Put,2026-06-18,202.52
250.00,50.12,51.25,52.18,53.10,1,1806,0.3072,-0.64,0.0056,-0.01,0.81,Put,2026-06-18,202.52
255.00,,54.80,56.03,57.25,0,834,0.3097,-0.66,0.0054,-0.01,0.80,Put,2026-06-18,202.52
260.00,59.65,59.30,60.30,61.30,1,598,0.31670000000000004,-0.68,0.0052,-0.01,0.78,Put,2026-06-18,202.52
265.00,,63.30,64.57,65.85,0,206,0.3231,-0.69,0.0050,-0.01,0.77,Put,2026-06-18,202.52
270.00,,67.45,68.63,69.80,0,345,0.3257,-0.71,0.0049,-0.01,0.75,Put,2026-06-18,202.52
275.00,,72.45,73.50,74.55,0,191,0.3389,-0.71,0.0046,-0.01,0.74,Put,2026-06-18,202.52
280.00,,76.75,77.80,78.85,0,325,0.34369999999999995,-0.72,0.0045,0.00,0.73,Put,2026-06-18,202.52
285.00,,80.90,82.63,84.35,0,19,0.3553,-0.73,0.0043,0.00,0.72,Put,2026-06-18,202.52
290.00,,85.70,87.58,89.45,0,0,0.36840000000000006,-0.73,0.0041,0.00,0.72,Put,2026-06-18,202.52
300.00,,95.65,97.83,100.00,0,0,0.3987,-0.73,0.0038,-0.01,0.72,Put,2026-06-18,202.52
310.00,,105.65,107.53,109.40,0,0,0.4202,-0.74,0.0036,-0.01,0.71,Put,2026-06-18,202.52
320.00,,115.80,117.53,119.25,0,0,0.445,-0.74,0.0034,-0.01,0.71,Put,2026-06-18,202.52
330.00,,125.70,127.55,129.40,0,0,0.4694,-0.74,0.0032,-0.01,0.71,Put,2026-06-18,202.52
340.00,,135.70,137.58,139.45,0,0,0.493,-0.74,0.0030,-0.01,0.71,Put,2026-06-18,202.52
350.00,,145.75,147.50,149.25,0,0,0.5146000000000001,-0.74,0.0029,-0.01,0.71,Put,2026-06-18,202.52
360.00,,155.70,157.58,159.45,0,0,0.5376,-0.74,0.0028,-0.01,0.71,Put,2026-06-18,202.52
370.00,,165.65,167.55,169.45,0,0,0.5587,-0.74,0.0027,-0.01,0.71,Put,2026-06-18,202.52
380.00,,175.70,177.58,179.45,0,0,0.5798,-0.74,0.0026,-0.01,0.71,Put,2026-06-18,202.52
390.00,,185.75,187.55,189.35,0,0,0.5998,-0.74,0.0025,-0.01,0.71,Put,2026-06-18,202.52
5.00,,195.00,197.50,200.00,0,5,2.6591000000000005,1.00,0.0000,0.00,0.02,Call,2026-12-18,202.52
10.00,,190.00,192.50,195.00,0,3,1.7597999999999998,0.99,0.0000,-0.01,0.05,Call,2026-12-18,202.52
15.00,,185.50,187.75,190.00,0,3,1.4417,0.99,0.0001,-0.01,0.06,Call,2026-12-18,202.52
20.00,,180.50,183.00,185.50,0,5,1.2447,0.99,0.0001,-0.01,0.08,Call,2026-12-18,202.52
25.00,,176.00,178.25,180.50,0,1,1.1034,0.99,0.0001,-0.01,0.09,Call,2026-12-18,202.52
30.00,,171.00,173.25,175.50,0,11,0.9676,0.99,0.0001,-0.01,0.09,Call,2026-12-18,202.52
35.00,,166.50,168.68,170.85,0,3,0.8973,0.98,0.0002,-0.01,0.11,Call,2026-12-18,202.52
40.00,,162.45,164.35,166.25,0,4,0.8586,0.98,0.0002,-0.01,0.12,Call,2026-12-18,202.52
45.00,160.34,157.85,159.70,161.55,1,57,0.7994,0.98,0.0002,-0.01,0.13,Call,2026-12-18,202.52
50.00,,152.50,154.68,156.85,0,1986,0.7204999999999999,0.98,0.0003,-0.01,0.13,Call,2026-12-18,202.52
60.00,,144.30,146.00,147.70,0,280,0.6742,0.97,0.0004,-0.01,0.17,Call,2026-12-18,202.52
70.00,,135.40,137.00,138.60,0,2513,0.6147,0.96,0.0005,-0.02,0.21,Call,2026-12-18,202.52
80.00,,125.50,128.00,130.50,0,422,0.5622,0.96,0.0006,-0.02,0.24,Call,2026-12-18,202.52
85.00,,122.35,123.75,125.15,0,640,0.5476,0.95,0.0007,-0.02,0.27,Call,2026-12-18,202.52
90.00,,118.05,119.78,121.50,0,496,0.5422,0.94,0.0008,-0.02,0.30,Call,2026-12-18,202.52
95.00,,113.05,114.78,116.50,0,100,0.5021,0.94,0.0009,-0.02,0.30,Call,2026-12-18,202.52
100.00,112.0,109.10,111.05,113.00,5,3337,0.5039,0.93,0.0010,-0.02,0.34,Call,2026-12-18,202.52
105.00,,105.75,106.35,106.95,0,206,0.47600000000000003,0.93,0.0011,-0.02,0.36,Call,2026-12-18,202.52
110.00,,101.80,102.60,103.40,0,584,0.4744,0.92,0.0012,-0.02,0.40,Call,2026-12-18,202.52
115.00,,97.25,97.90,98.55,0,150,0.4481,0.91,0.0014,-0.02,0.41,Call,2026-12-18,202.52
120.00,,93.60,94.35,95.10,0,1269,0.44909999999999994,0.90,0.0015,-0.03,0.46,Call,2026-12-18,202.52
125.00,,89.50,90.33,91.15,0,346,0.43810000000000004,0.89,0.0017,-0.03,0.49,Call,2026-12-18,202.52
130.00,,84.65,86.58,88.50,0,1416,0.43189999999999995,0.88,0.0018,-0.03,0.53,Call,2026-12-18,202.52
135.00,,80.75,82.25,83.75,0,655,0.4142,0.87,0.0020,-0.03,0.55,Call,2026-12-18,202.52
140.00,80.56,77.95,78.68,79.40,1,741,0.40979999999999994,0.86,0.0021,-0.03,0.59,Call,2026-12-18,202.52
145.00,,73.95,74.43,74.90,0,191,0.3933,0.84,0.0023,-0.03,0.62,Call,2026-12-18,202.52
150.00,71.6,70.55,71.30,72.05,7,681,0.39409999999999995,0.83,0.0025,-0.03,0.66,Call,2026-12-18,202.52
155.00,,66.90,67.23,67.55,0,310,0.3795,0.81,0.0027,-0.03,0.69,Call,2026-12-18,202.52
160.00,67.37,63.50,64.25,65.00,3,934,0.38,0.80,0.0029,-0.03,0.74,Call,2026-12-18,202.52
165.00,,60.15,60.88,61.60,0,419,0.3738,0.78,0.0030,-0.03,0.77,Call,2026-12-18,202.52
170.00,,56.80,57.55,58.30,0,1123,0.36729999999999996,0.76,0.0032,-0.03,0.80,Call,2026-12-18,202.52
175.00,56.28,53.60,53.85,54.10,5,939,0.3555,0.75,0.0035,-0.03,0.83,Call,2026-12-18,202.52
180.00,53.12,50.40,50.68,50.95,31,1054,0.3494,0.73,0.0037,-0.04,0.87,Call,2026-12-18,202.52
185.00,50.15,46.45,47.20,47.95,23,1157,0.33899999999999997,0.71,0.0039,-0.04,0.90,Call,2026-12-18,202.52
190.00,47.1,44.45,45.25,46.05,15,1102,0.3447,0.69,0.0040,-0.04,0.92,Call,2026-12-18,202.52
195.00,44.05,41.60,41.93,42.25,10,1128,0.3344,0.66,0.0042,-0.04,0.95,Call,2026-12-18,202.52
200.00,39.45,38.90,39.18,39.45,75,5285,0.3293,0.64,0.0044,-0.04,0.97,Call,2026-12-18,202.52
210.00,36.0,33.90,34.58,35.25,52,11461,0.3256,0.60,0.0046,-0.04,1.01,Call,2026-12-18,202.52
220.00,29.65,29.25,30.40,31.55,81,2887,0.3221,0.55,0.0047,-0.04,1.03,Call,2026-12-18,202.52
230.00,25.71,24.90,25.60,26.30,48,4542,0.3089,0.50,0.0050,-0.03,1.04,Call,2026-12-18,202.52
240.00,22.8,21.10,21.78,22.45,33,4596,0.3016,0.46,0.0051,-0.03,1.03,Call,2026-12-18,202.52
250.00,17.93,17.75,17.98,18.20,138,10341,0.2909,0.41,0.0051,-0.03,1.01,Call,2026-12-18,202.52
260.00,16.0,14.70,14.90,15.10,40,2907,0.2836,0.36,0.0051,-0.03,0.97,Call,2026-12-18,202.52
270.00,13.0,12.20,12.63,13.05,25,3407,0.2812,0.32,0.0049,-0.03,0.93,Call,2026-12-18,202.52
280.00,10.29,10.00,10.15,10.30,195,3378,0.2731,0.28,0.0047,-0.02,0.87,Call,2026-12-18,202.52
290.00,8.48,8.20,8.33,8.45,23,3142,0.26899999999999996,0.24,0.0044,-0.02,0.81,Call,2026-12-18,202.52
300.00,7.6,6.65,6.80,6.95,178,4154,0.26539999999999997,0.21,0.0041,-0.02,0.74,Call,2026-12-18,202.52
310.00,6.4,5.45,5.58,5.70,8,440,0.26280000000000003,0.18,0.0038,-0.02,0.67,Call,2026-12-18,202.52
320.00,,4.40,4.98,5.55,0,2266,0.26739999999999997,0.16,0.0035,-0.02,0.63,Call,2026-12-18,202.52
330.00,3.9,3.45,3.65,3.85,27,899,0.25730000000000003,0.13,0.0031,-0.01,0.54,Call,2026-12-18,202.52
340.00,3.0,2.64,3.32,4.00,1,690,0.26280000000000003,0.12,0.0028,-0.01,0.51,Call,2026-12-18,202.52
350.00,2.75,2.22,2.50,2.78,32,4156,0.2562,0.09,0.0025,-0.01,0.43,Call,2026-12-18,202.52
360.00,2.33,2.00,2.18,2.35,2,225,0.2586,0.08,0.0022,-0.01,0.39,Call,2026-12-18,202.52
370.00,1.91,1.59,1.81,2.02,2,181,0.2582,0.07,0.0020,-0.01,0.35,Call,2026-12-18,202.52
380.00,1.49,1.39,1.48,1.56,8,105,0.2571,0.06,0.0017,-0.01,0.30,Call,2026-12-18,202.52
390.00,1.3,1.12,1.26,1.40,26,117,0.2583,0.05,0.0016,-0.01,0.27,Call,2026-12-18,202.52
400.00,1.15,0.95,1.06,1.16,6,254,0.2584,0.04,0.0014,-0.01,0.24,Call,2026-12-18,202.52
410.00,,0.86,0.93,0.99,0,319,0.2605,0.04,0.0012,-0.01,0.22,Call,2026-12-18,202.52
420.00,,0.70,0.80,0.91,0,380,0.2621,0.03,0.0011,0.00,0.20,Call,2026-12-18,202.52
430.00,,0.61,0.70,0.79,0,264,0.2636,0.03,0.0010,0.00,0.18,Call,2026-12-18,202.52
440.00,,0.54,0.64,0.73,0,68,0.26649999999999996,0.03,0.0009,0.00,0.16,Call,2026-12-18,202.52
450.00,0.62,0.48,0.56,0.64,22,1961,0.2682,0.02,0.0008,0.00,0.15,Call,2026-12-18,202.52
5.00,0.02,0.00,0.06,0.11,14,97,1.1223999999999998,0.00,0.0000,0.00,0.00,Put,2026-12-18,202.52
10.00,,0.01,0.08,0.14,0,92,0.9248999999999999,0.00,0.0000,0.00,0.01,Put,2026-12-18,202.52
15.00,,0.01,0.10,0.19,0,302,0.82,0.00,0.0000,0.00,0.01,Put,2026-12-18,202.52
20.00,,0.06,0.16,0.25,0,2349,0.7659999999999999,0.00,0.0000,0.00,0.02,Put,2026-12-18,202.52
25.00,,0.12,0.22,0.31,0,222,0.7206999999999999,0.00,0.0000,0.00,0.02,Put,2026-12-18,202.52
30.00,0.26,0.01,0.19,0.37,4,809,0.6475,0.00,0.0001,0.00,0.02,Put,2026-12-18,202.52
35.00,,0.25,0.35,0.44,0,238,0.6464,0.00,0.0001,0.00,0.04,Put,2026-12-18,202.52
40.00,,0.33,0.39,0.45,0,55,0.6093999999999999,-0.01,0.0001,0.00,0.04,Put,2026-12-18,202.52
45.00,,0.41,0.58,0.75,0,136,0.6026,-0.01,0.0001,0.00,0.06,Put,2026-12-18,202.52
50.00,0.6,0.51,0.61,0.70,2,1297,0.5665,-0.01,0.0002,0.00,0.07,Put,2026-12-18,202.52
60.00,,0.75,0.85,0.94,0,682,0.5267000000000001,-0.01,0.0003,0.00,0.09,Put,2026-12-18,202.52
70.00,,1.06,1.15,1.23,0,137,0.4929,-0.02,0.0004,0.00,0.12,Put,2026-12-18,202.52
80.00,,1.24,1.65,2.05,0,3456,0.4714,-0.03,0.0005,-0.01,0.17,Put,2026-12-18,202.52
85.00,,1.51,1.90,2.30,0,219,0.4593,-0.03,0.0006,-0.01,0.19,Put,2026-12-18,202.52
90.00,2.07,2.00,2.11,2.21,2,1677,0.4437,-0.04,0.0007,-0.01,0.21,Put,2026-12-18,202.52
95.00,,2.12,2.61,3.10,0,1851,0.4411,-0.04,0.0008,-0.01,0.24,Put,2026-12-18,202.52
100.00,2.66,2.68,2.80,2.91,33,2174,0.424,-0.05,0.0009,-0.01,0.26,Put,2026-12-18,202.52
105.00,,3.10,3.20,3.30,0,2609,0.41490000000000005,-0.06,0.0010,-0.01,0.29,Put,2026-12-18,202.52
110.00,3.45,3.60,3.70,3.80,9,1485,0.4078,-0.06,0.0012,-0.01,0.33,Put,2026-12-18,202.52
115.00,,4.15,4.23,4.30,0,1415,0.4003,-0.07,0.0013,-0.01,0.36,Put,2026-12-18,202.52
120.00,4.85,4.75,4.85,4.95,5,1389,0.39409999999999995,-0.08,0.0015,-0.01,0.40,Put,2026-12-18,202.52
125.00,4.95,5.40,5.50,5.60,10,3514,0.3873,-0.09,0.0017,-0.01,0.44,Put,2026-12-18,202.52
130.00,6.3,6.15,6.25,6.35,11,1159,0.38159999999999994,-0.11,0.0018,-0.01,0.48,Put,2026-12-18,202.52
135.00,,6.90,7.05,7.20,0,1621,0.37560000000000004,-0.12,0.0020,-0.01,0.52,Put,2026-12-18,202.52
140.00,7.9,7.80,7.95,8.10,12,1215,0.3704,-0.13,0.0022,-0.01,0.56,Put,2026-12-18,202.52
145.00,,8.75,8.90,9.05,0,966,0.3649,-0.15,0.0024,-0.01,0.60,Put,2026-12-18,202.52
150.00,9.8,9.85,10.00,10.15,32,2006,0.3607,-0.16,0.0026,-0.01,0.64,Put,2026-12-18,202.52
155.00,,11.00,11.15,11.30,0,626,0.35590000000000005,-0.18,0.0028,-0.01,0.68,Put,2026-12-18,202.52
160.00,10.92,12.20,12.38,12.55,10,1821,0.35119999999999996,-0.19,0.0030,-0.01,0.72,Put,2026-12-18,202.52
165.00,12.55,13.55,13.73,13.90,2,1047,0.3471,-0.21,0.0032,-0.02,0.76,Put,2026-12-18,202.52
170.00,14.81,15.05,15.20,15.35,37,1240,0.3435,-0.23,0.0034,-0.02,0.79,Put,2026-12-18,202.52
175.00,16.75,16.55,16.75,16.95,2,1257,0.3397,-0.25,0.0036,-0.02,0.83,Put,2026-12-18,202.52
180.00,17.5,18.00,18.28,18.55,3,3833,0.3345,-0.27,0.0038,-0.02,0.86,Put,2026-12-18,202.52
185.00,19.15,19.95,20.15,20.35,5,673,0.3323,-0.29,0.0040,-0.02,0.89,Put,2026-12-18,202.52
190.00,21.5,21.65,21.95,22.25,3,2413,0.3283,-0.31,0.0042,-0.02,0.92,Put,2026-12-18,202.52
195.00,23.45,23.80,24.03,24.25,610,854,0.326,-0.34,0.0043,-0.02,0.95,Put,2026-12-18,202.52
200.00,26.5,25.95,26.30,26.65,11,7772,0.3249,-0.36,0.0044,-0.01,0.97,Put,2026-12-18,202.52
210.00,30.5,30.50,30.78,31.05,21,1939,0.3186,-0.40,0.0047,-0.01,1.01,Put,2026-12-18,202.52
220.00,35.15,35.55,35.88,36.20,2,3711,0.3147,-0.45,0.0048,-0.01,1.03,Put,2026-12-18,202.52
230.00,40.73,41.25,41.63,42.00,1,2319,0.31329999999999997,-0.49,0.0049,-0.01,1.04,Put,2026-12-18,202.52
240.00,45.46,46.75,48.03,49.30,5,2312,0.3147,-0.53,0.0049,-0.01,1.03,Put,2026-12-18,202.52
250.00,54.9,54.25,54.75,55.25,85,973,0.316,-0.57,0.0048,-0.01,1.02,Put,2026-12-18,202.52
260.00,,61.55,62.58,63.60,0,1645,0.32530000000000003,-0.60,0.0046,-0.01,1.00,Put,2026-12-18,202.52
270.00,70.25,69.75,70.48,71.20,38,484,0.33299999999999996,-0.63,0.0044,0.00,0.98,Put,2026-12-18,202.52
280.00,79.0,78.35,79.07,79.80,95,424,0.34590000000000004,-0.65,0.0041,0.00,0.96,Put,2026-12-18,202.52
290.00,85.05,87.15,88.48,89.80,5,47,0.3657,-0.66,0.0039,0.00,0.95,Put,2026-12-18,202.52
300.00,,95.80,97.65,99.50,0,7,0.382,-0.67,0.0036,0.00,0.94,Put,2026-12-18,202.52
310.00,,105.00,107.50,110.00,0,0,0.4045,-0.67,0.0034,0.00,0.94,Put,2026-12-18,202.52
320.00,,115.75,117.55,119.35,0,0,0.42829999999999996,-0.68,0.0032,0.00,0.94,Put,2026-12-18,202.52
330.00,,125.80,127.57,129.35,0,0,0.451,-0.68,0.0031,-0.01,0.94,Put,2026-12-18,202.52
340.00,,135.70,137.55,139.40,0,1,0.47259999999999996,-0.68,0.0029,-0.01,0.94,Put,2026-12-18,202.52
350.00,,146.00,147.65,149.30,0,0,0.4949,-0.67,0.0028,-0.01,0.94,Put,2026-12-18,202.52
360.00,,155.80,157.58,159.35,0,0,0.5146999999999999,-0.67,0.0027,-0.01,0.94,Put,2026-12-18,202.52
370.00,,165.75,167.55,169.35,0,0,0.5345,-0.67,0.0026,-0.01,0.94,Put,2026-12-18,202.52
380.00,,175.70,177.58,179.45,0,0,0.5544,-0.67,0.0025,-0.01,0.94,Put,2026-12-18,202.52
390.00,,185.00,187.50,190.00,0,0,0.5727,-0.67,0.0024,-0.01,0.94,Put,2026-12-18,202.52
400.00,,195.20,197.60,200.00,0,0,0.5925,-0.67,0.0024,-0.01,0.94,Put,2026-12-18,202.52
410.00,,205.20,207.60,210.00,0,0,0.6108,-0.67,0.0023,-0.01,0.95,Put,2026-12-18,202.52
420.00,,215.15,217.58,220.00,0,0,0.6284000000000001,-0.66,0.0022,-0.01,0.95,Put,2026-12-18,202.52
430.00,,225.15,227.58,230.00,0,0,0.6459,-0.66,0.0022,-0.01,0.95,Put,2026-12-18,202.52
440.00,,235.15,237.58,240.00,0,0,0.6631999999999999,-0.66,0.0021,-0.01,0.95,Put,2026-12-18,202.52
450.00,,245.00,247.50,250.00,0,0,0.6793,-0.66,0.0021,-0.01,0.95,Put,2026-12-18,202.52
5.00,,195.00,197.50,200.00,0,15,2.6372000000000004,1.00,0.0000,0.00,0.02,Call,2027-01-15,202.52
10.00,,190.00,192.50,195.00,0,22,1.7334,0.99,0.0000,-0.01,0.05,Call,2027-01-15,202.52
15.00,,185.50,187.75,190.00,0,84,1.4169,0.99,0.0001,-0.01,0.07,Call,2027-01-15,202.52
20.00,187.0,180.50,183.00,185.50,2,17,1.2214,0.99,0.0001,-0.01,0.08,Call,2027-01-15,202.52
25.00,,176.00,178.25,180.50,0,2,1.0811,0.99,0.0001,-0.01,0.09,Call,2027-01-15,202.52
30.00,,171.00,173.50,176.00,0,3,0.9723,0.98,0.0001,-0.01,0.10,Call,2027-01-15,202.52
35.00,169.54,166.50,168.70,170.90,1,5,0.8789,0.98,0.0002,-0.01,0.11,Call,2027-01-15,202.52
40.00,,162.00,164.15,166.30,0,28,0.8216,0.98,0.0002,-0.01,0.12,Call,2027-01-15,202.52
45.00,,158.00,159.88,161.75,0,1,0.792,0.98,0.0003,-0.01,0.14,Call,2027-01-15,202.52
50.00,154.72,153.40,155.30,157.20,1,66,0.7445,0.98,0.0003,-0.01,0.15,Call,2027-01-15,202.52
60.00,,144.35,146.23,148.10,0,190,0.6679,0.97,0.0004,-0.01,0.18,Call,2027-01-15,202.52
70.00,137.63,135.35,137.43,139.50,1,231,0.6164999999999999,0.96,0.0005,-0.02,0.22,Call,2027-01-15,202.52
80.00,,126.45,128.35,130.25,0,363,0.5589999999999999,0.96,0.0006,-0.02,0.25,Call,2027-01-15,202.52
85.00,,122.20,124.03,125.85,0,165,0.5408,0.95,0.0007,-0.02,0.27,Call,2027-01-15,202.52
90.00,,117.70,119.58,121.45,0,278,0.5186999999999999,0.95,0.0008,-0.02,0.29,Call,2027-01-15,202.52
95.00,,113.40,115.45,117.50,0,12,0.5077,0.94,0.0009,-0.02,0.32,Call,2027-01-15,202.52
100.00,115.0,109.25,111.38,113.50,42,367,0.4975,0.93,0.0010,-0.02,0.35,Call,2027-01-15,202.52
105.00,,105.95,106.70,107.45,0,71,0.4704,0.93,0.0011,-0.02,0.37,Call,2027-01-15,202.52
110.00,,101.85,102.53,103.20,0,43,0.4575,0.92,0.0012,-0.02,0.40,Call,2027-01-15,202.52
115.00,,97.70,98.40,99.10,0,68,0.44549999999999995,0.91,0.0014,-0.02,0.43,Call,2027-01-15,202.52
120.00,94.79,94.00,94.80,95.60,2,534,0.4447,0.90,0.0015,-0.03,0.47,Call,2027-01-15,202.52
125.00,92.0,89.85,90.43,91.00,1,154,0.4263,0.89,0.0016,-0.03,0.50,Call,2027-01-15,202.52
130.00,88.6,86.10,86.45,86.80,1,365,0.41600000000000004,0.88,0.0018,-0.03,0.53,Call,2027-01-15,202.52
135.00,,82.10,82.57,83.05,0,61,0.4071,0.87,0.0020,-0.03,0.56,Call,2027-01-15,202.52
140.00,,78.45,78.85,79.25,0,276,0.4,0.86,0.0021,-0.03,0.60,Call,2027-01-15,202.52
145.00,79.1,74.80,75.18,75.55,1,199,0.39289999999999997,0.84,0.0023,-0.03,0.64,Call,2027-01-15,202.52
150.00,72.46,70.55,71.65,72.75,6,1910,0.3872,0.83,0.0025,-0.03,0.68,Call,2027-01-15,202.52
155.00,,67.30,67.88,68.45,0,182,0.377,0.81,0.0027,-0.03,0.71,Call,2027-01-15,202.52
160.00,,64.20,64.98,65.75,0,542,0.3782,0.80,0.0028,-0.03,0.75,Call,2027-01-15,202.52
165.00,,60.70,61.05,61.40,0,218,0.36469999999999997,0.78,0.0030,-0.03,0.78,Call,2027-01-15,202.52
170.00,60.13,56.50,57.33,58.15,10,269,0.35350000000000004,0.77,0.0033,-0.03,0.82,Call,2027-01-15,202.52
175.00,57.0,54.25,55.05,55.85,12,1557,0.359,0.75,0.0034,-0.03,0.85,Call,2027-01-15,202.52
180.00,52.65,50.25,51.53,52.80,9,398,0.3486,0.73,0.0036,-0.03,0.88,Call,2027-01-15,202.52
185.00,50.5,48.00,48.38,48.75,6,159,0.3419,0.71,0.0038,-0.03,0.91,Call,2027-01-15,202.52
190.00,47.1,45.35,46.60,47.85,20,505,0.34909999999999997,0.69,0.0038,-0.04,0.94,Call,2027-01-15,202.52
195.00,45.0,41.50,42.28,43.05,7,394,0.3282,0.67,0.0042,-0.03,0.97,Call,2027-01-15,202.52
200.00,42.05,39.45,40.38,41.30,121,3089,0.3319,0.65,0.0042,-0.04,0.99,Call,2027-01-15,202.52
210.00,35.45,34.60,34.90,35.20,79,1640,0.3194,0.60,0.0045,-0.04,1.03,Call,2027-01-15,202.52
220.00,31.19,30.10,30.28,30.45,44,2947,0.3118,0.56,0.0048,-0.03,1.05,Call,2027-01-15,202.52
230.00,26.81,25.80,26.00,26.20,61,7323,0.304,0.51,0.0049,-0.03,1.06,Call,2027-01-15,202.52
240.00,22.4,21.00,21.70,22.40,40,3283,0.2925,0.46,0.0051,-0.03,1.06,Call,2027-01-15,202.52
250.00,19.81,18.60,18.78,18.95,124,4852,0.29059999999999997,0.42,0.0050,-0.03,1.04,Call,2027-01-15,202.52
260.00,17.05,15.45,15.70,15.95,29,3120,0.2839,0.37,0.0050,-0.03,1.00,Call,2027-01-15,202.52
270.00,14.45,12.95,13.15,13.35,352,2485,0.27899999999999997,0.33,0.0049,-0.03,0.96,Call,2027-01-15,202.52
280.00,11.92,10.65,10.88,11.10,143,5661,0.27390000000000003,0.29,0.0047,-0.02,0.91,Call,2027-01-15,202.52
290.00,9.15,8.90,9.08,9.25,2,1175,0.2707,0.25,0.0044,-0.02,0.85,Call,2027-01-15,202.52
300.00,7.5,7.45,7.53,7.60,526,8555,0.26780000000000004,0.22,0.0041,-0.02,0.79,Call,2027-01-15,202.52
310.00,6.3,6.00,6.13,6.25,63,1038,0.2637,0.19,0.0038,-0.02,0.72,Call,2027-01-15,202.52
320.00,5.29,4.85,5.00,5.15,11,6132,0.2607,0.16,0.0035,-0.02,0.65,Call,2027-01-15,202.52
330.00,4.25,4.05,4.18,4.30,84,2683,0.25989999999999996,0.14,0.0032,-0.01,0.59,Call,2027-01-15,202.52
340.00,3.73,3.30,3.45,3.60,2,1066,0.2584,0.12,0.0029,-0.01,0.53,Call,2027-01-15,202.52
350.00,3.12,2.72,2.89,3.05,25,1652,0.2581,0.10,0.0026,-0.01,0.47,Call,2027-01-15,202.52
360.00,2.34,2.26,2.45,2.63,101,662,0.2584,0.09,0.0023,-0.01,0.43,Call,2027-01-15,202.52
370.00,2.19,1.47,1.86,2.24,6,337,0.253,0.07,0.0020,-0.01,0.36,Call,2027-01-15,202.52
380.00,1.71,1.50,1.82,2.13,8,984,0.261,0.07,0.0019,-0.01,0.35,Call,2027-01-15,202.52
390.00,1.44,1.31,1.43,1.54,100,665,0.2575,0.06,0.0016,-0.01,0.30,Call,2027-01-15,202.52
400.00,1.31,1.11,1.23,1.34,11,1431,0.2585,0.05,0.0015,-0.01,0.27,Call,2027-01-15,202.52
410.00,1.3,0.95,1.04,1.13,1,893,0.2589,0.04,0.0013,-0.01,0.24,Call,2027-01-15,202.52
420.00,1.0,0.81,0.91,1.00,15,2137,0.26039999999999996,0.04,0.0012,-0.01,0.22,Call,2027-01-15,202.52
430.00,0.78,0.70,0.78,0.86,23,380,0.2613,0.03,0.0010,0.00,0.19,Call,2027-01-15,202.52
440.00,,0.61,0.71,0.80,0,489,0.2639,0.03,0.0010,0.00,0.18,Call,2027-01-15,202.52
450.00,0.61,0.60,0.64,0.68,195,11597,0.2666,0.03,0.0009,0.00,0.16,Call,2027-01-15,202.52
5.00,0.01,0.01,0.06,0.11,2,280,1.1096,0.00,0.0000,0.00,0.00,Put,2027-01-15,202.52
10.00,,0.01,0.08,0.15,0,111,0.9120999999999999,0.00,0.0000,0.00,0.01,Put,2027-01-15,202.52
15.00,,0.11,0.13,0.15,0,11,0.8284999999999999,0.00,0.0000,0.00,0.01,Put,2027-01-15,202.52
20.00,,0.07,0.17,0.26,0,346,0.7559999999999999,0.00,0.0000,0.00,0.02,Put,2027-01-15,202.52
25.00,,0.18,0.23,0.27,0,42,0.71,0.00,0.0000,0.00,0.02,Put,2027-01-15,202.52
30.00,,0.01,0.20,0.39,0,22,0.6383,0.00,0.0001,0.00,0.02,Put,2027-01-15,202.52
35.00,,0.27,0.36,0.44,0,9,0.6357,-0.01,0.0001,0.00,0.04,Put,2027-01-15,202.52
40.00,,0.34,0.54,0.74,0,41,0.6273,-0.01,0.0001,0.00,0.05,Put,2027-01-15,202.52
45.00,,0.41,0.60,0.78,0,52,0.5928,-0.01,0.0001,0.00,0.06,Put,2027-01-15,202.52
50.00,0.61,0.60,0.76,0.92,3,1585,0.5765,-0.01,0.0002,0.00,0.08,Put,2027-01-15,202.52
60.00,0.8,0.78,1.05,1.31,1,362,0.5363,-0.02,0.0003,0.00,0.11,Put,2027-01-15,202.52
70.00,1.14,1.10,1.38,1.65,4,43,0.5007,-0.02,0.0004,0.00,0.14,Put,2027-01-15,202.52
80.00,1.67,1.33,1.71,2.08,4,611,0.4657,-0.03,0.0005,-0.01,0.17,Put,2027-01-15,202.52
85.00,1.94,1.58,1.95,2.32,3,144,0.45280000000000004,-0.03,0.0006,-0.01,0.20,Put,2027-01-15,202.52
90.00,2.09,2.06,2.19,2.31,120,1670,0.4389,-0.04,0.0007,-0.01,0.22,Put,2027-01-15,202.52
95.00,2.6,2.22,2.66,3.10,3,892,0.4347,-0.04,0.0008,-0.01,0.25,Put,2027-01-15,202.52
100.00,2.9,2.78,2.94,3.10,201,1161,0.4213,-0.05,0.0009,-0.01,0.28,Put,2027-01-15,202.52
105.00,,3.25,3.38,3.50,0,2364,0.4129,-0.06,0.0011,-0.01,0.31,Put,2027-01-15,202.52
110.00,,3.70,3.88,4.05,0,543,0.40549999999999997,-0.07,0.0012,-0.01,0.34,Put,2027-01-15,202.52
115.00,,4.25,4.40,4.55,0,851,0.39759999999999995,-0.07,0.0013,-0.01,0.38,Put,2027-01-15,202.52
120.00,5.22,4.90,5.03,5.15,300,523,0.3912,-0.08,0.0015,-0.01,0.41,Put,2027-01-15,202.52
125.00,5.2,5.55,5.70,5.85,22,601,0.3848,-0.10,0.0017,-0.01,0.45,Put,2027-01-15,202.52
130.00,6.3,6.30,6.45,6.60,7,3326,0.3788,-0.11,0.0018,-0.01,0.49,Put,2027-01-15,202.52
135.00,6.7,7.20,7.30,7.40,3,186,0.3737,-0.12,0.0020,-0.01,0.53,Put,2027-01-15,202.52
140.00,7.75,8.05,8.20,8.35,30,1015,0.36840000000000006,-0.13,0.0022,-0.01,0.57,Put,2027-01-15,202.52
145.00,8.65,9.00,9.18,9.35,2,857,0.36310000000000003,-0.15,0.0024,-0.01,0.61,Put,2027-01-15,202.52
150.00,9.8,9.95,11.48,13.00,29,2798,0.3771,-0.17,0.0025,-0.01,0.67,Put,2027-01-15,202.52
155.00,10.75,11.15,11.38,11.60,32,227,0.3533,-0.18,0.0028,-0.01,0.69,Put,2027-01-15,202.52
160.00,12.01,12.55,12.70,12.85,32,2880,0.34990000000000004,-0.20,0.0030,-0.01,0.73,Put,2027-01-15,202.52
165.00,13.65,13.75,14.00,14.25,1,1472,0.34509999999999996,-0.21,0.0032,-0.01,0.77,Put,2027-01-15,202.52
170.00,14.64,15.35,15.52,15.70,63,2381,0.3421,-0.23,0.0033,-0.01,0.81,Put,2027-01-15,202.52
175.00,17.1,16.80,17.03,17.25,1,1876,0.33770000000000006,-0.25,0.0035,-0.01,0.85,Put,2027-01-15,202.52
180.00,17.82,18.50,19.70,20.90,21,4828,0.3458,-0.27,0.0036,-0.02,0.88,Put,2027-01-15,202.52
185.00,19.11,20.15,20.45,20.75,25,1994,0.3308,-0.29,0.0039,-0.01,0.91,Put,2027-01-15,202.52
190.00,22.25,22.20,22.40,22.60,6,5568,0.3283,-0.31,0.0041,-0.01,0.94,Put,2027-01-15,202.52
195.00,23.1,24.15,24.40,24.65,10,1553,0.32539999999999997,-0.33,0.0042,-0.01,0.97,Put,2027-01-15,202.52
200.00,25.3,26.30,26.55,26.80,118,11578,0.3231,-0.36,0.0043,-0.01,0.99,Put,2027-01-15,202.52
210.00,31.38,30.80,31.15,31.50,14,4594,0.31829999999999997,-0.40,0.0046,-0.01,1.03,Put,2027-01-15,202.52
220.00,34.5,35.95,36.25,36.55,6,3806,0.3148,-0.44,0.0047,-0.01,1.05,Put,2027-01-15,202.52
230.00,41.2,41.40,42.95,44.50,1,880,0.32280000000000003,-0.48,0.0046,-0.01,1.06,Put,2027-01-15,202.52
240.00,47.5,46.90,48.18,49.45,5,2241,0.3134,-0.53,0.0048,-0.01,1.06,Put,2027-01-15,202.52
250.00,53.6,54.35,55.30,56.25,6,3076,0.3189,-0.56,0.0046,-0.01,1.05,Put,2027-01-15,202.52
260.00,62.35,62.05,62.83,63.60,28,1484,0.3257,-0.59,0.0045,-0.01,1.03,Put,2027-01-15,202.52
270.00,67.9,69.55,70.45,71.35,180,1014,0.331,-0.62,0.0043,0.00,1.01,Put,2027-01-15,202.52
280.00,76.37,77.65,79.05,80.45,197,633,0.34409999999999996,-0.64,0.0041,0.00,0.99,Put,2027-01-15,202.52
290.00,85.25,87.15,88.50,89.85,29,384,0.3644,-0.65,0.0038,0.00,0.98,Put,2027-01-15,202.52
300.00,,96.40,97.88,99.35,0,70,0.38280000000000003,-0.66,0.0036,0.00,0.97,Put,2027-01-15,202.52
310.00,,105.65,107.53,109.40,0,0,0.4031,-0.67,0.0034,0.00,0.97,Put,2027-01-15,202.52
320.00,,115.85,117.45,119.05,0,0,0.4255,-0.67,0.0032,0.00,0.97,Put,2027-01-15,202.52
330.00,,126.00,127.70,129.40,0,0,0.45039999999999997,-0.67,0.0030,0.00,0.97,Put,2027-01-15,202.52
340.00,,135.70,137.52,139.35,0,0,0.4702,-0.67,0.0029,-0.01,0.97,Put,2027-01-15,202.52
350.00,,145.70,147.55,149.40,0,0,0.4915,-0.67,0.0028,-0.01,0.97,Put,2027-01-15,202.52
360.00,,155.00,157.50,160.00,0,0,0.5115,-0.67,0.0027,-0.01,0.97,Put,2027-01-15,202.52
370.00,,165.70,167.55,169.40,0,0,0.532,-0.66,0.0026,-0.01,0.97,Put,2027-01-15,202.52
380.00,,175.00,177.50,180.00,0,0,0.551,-0.66,0.0025,-0.01,0.97,Put,2027-01-15,202.52
390.00,,185.00,187.50,190.00,0,0,0.57,-0.66,0.0024,-0.01,0.97,Put,2027-01-15,202.52
400.00,,195.00,197.50,200.00,0,0,0.5885,-0.66,0.0023,-0.01,0.97,Put,2027-01-15,202.52
410.00,,205.00,207.50,210.00,0,0,0.6067,-0.66,0.0023,-0.01,0.98,Put,2027-01-15,202.52
420.00,,215.00,217.50,220.00,0,0,0.6245,-0.66,0.0022,-0.01,0.98,Put,2027-01-15,202.52
430.00,,225.00,227.50,230.00,0,0,0.642,-0.65,0.0022,-0.01,0.98,Put,2027-01-15,202.52
440.00,,235.00,237.50,240.00,0,0,0.6591,-0.65,0.0021,-0.01,0.98,Put,2027-01-15,202.52
450.00,,245.00,247.50,250.00,0,0,0.6758,-0.65,0.0021,-0.01,0.99,Put,2027-01-15,202.52
50.00,,153.50,155.73,157.95,0,13,0.6794,0.98,0.0003,-0.01,0.17,Call,2027-06-17,202.52
55.00,,149.05,151.25,153.45,0,4,0.6420999999999999,0.97,0.0003,-0.01,0.19,Call,2027-06-17,202.52
60.00,,144.50,146.75,149.00,0,3,0.6071,0.97,0.0004,-0.01,0.20,Call,2027-06-17,202.52
65.00,,140.05,142.50,144.95,0,11,0.5867,0.97,0.0004,-0.01,0.22,Call,2027-06-17,202.52
70.00,,135.50,137.98,140.45,0,0,0.5554,0.96,0.0005,-0.01,0.24,Call,2027-06-17,202.52
75.00,,131.00,133.50,136.00,0,36,0.5285,0.96,0.0005,-0.01,0.25,Call,2027-06-17,202.52
80.00,,127.05,129.28,131.50,0,201,0.5124,0.96,0.0006,-0.02,0.28,Call,2027-06-17,202.52
85.00,129.0,122.55,125.00,127.45,5,6,0.495,0.95,0.0007,-0.02,0.30,Call,2027-06-17,202.52
90.00,122.25,118.85,120.88,122.90,5,15,0.4825,0.94,0.0008,-0.02,0.33,Call,2027-06-17,202.52
95.00,,114.65,116.68,118.70,0,20,0.4677,0.94,0.0009,-0.02,0.36,Call,2027-06-17,202.52
100.00,113.91,110.60,112.80,115.00,7,68,0.46149999999999997,0.93,0.0010,-0.02,0.40,Call,2027-06-17,202.52
105.00,114.0,107.55,108.53,109.50,1,12,0.4446,0.92,0.0011,-0.02,0.42,Call,2027-06-17,202.52
110.00,,103.85,104.60,105.35,0,16,0.436,0.92,0.0012,-0.02,0.46,Call,2027-06-17,202.52
115.00,,100.00,100.60,101.20,0,69,0.4251,0.91,0.0013,-0.02,0.49,Call,2027-06-17,202.52
120.00,99.45,96.20,96.73,97.25,1,13,0.4165,0.90,0.0014,-0.02,0.53,Call,2027-06-17,202.52
125.00,,92.05,92.73,93.40,0,114,0.405,0.89,0.0016,-0.02,0.56,Call,2027-06-17,202.52
130.00,,88.50,89.00,89.50,0,211,0.3981,0.88,0.0017,-0.02,0.60,Call,2027-06-17,202.52
135.00,87.6,84.60,85.28,85.95,3,71,0.39039999999999997,0.87,0.0019,-0.03,0.64,Call,2027-06-17,202.52
140.00,,81.20,81.75,82.30,0,67,0.38520000000000004,0.85,0.0020,-0.03,0.68,Call,2027-06-17,202.52
145.00,,77.60,78.15,78.70,0,138,0.37810000000000005,0.84,0.0022,-0.03,0.71,Call,2027-06-17,202.52
150.00,80.15,73.90,74.55,75.20,1,154,0.3704,0.83,0.0023,-0.03,0.75,Call,2027-06-17,202.52
155.00,,70.40,71.13,71.85,0,102,0.3644,0.81,0.0025,-0.03,0.79,Call,2027-06-17,202.52
160.00,70.07,67.20,67.93,68.65,3,167,0.3605,0.80,0.0026,-0.03,0.83,Call,2027-06-17,202.52
165.00,64.8,64.05,64.78,65.50,2,114,0.3563,0.78,0.0028,-0.03,0.87,Call,2027-06-17,202.52
170.00,63.4,60.70,61.40,62.10,10,219,0.3489,0.77,0.0030,-0.03,0.90,Call,2027-06-17,202.52
175.00,58.6,57.80,58.47,59.15,3,268,0.3457,0.75,0.0031,-0.03,0.94,Call,2027-06-17,202.52
180.00,55.4,54.75,55.33,55.90,20,290,0.3394,0.73,0.0033,-0.03,0.97,Call,2027-06-17,202.52
185.00,54.1,51.95,52.65,53.35,5,106,0.3373,0.72,0.0034,-0.03,1.00,Call,2027-06-17,202.52
190.00,51.75,48.90,49.60,50.30,124,339,0.3307,0.70,0.0036,-0.03,1.03,Call,2027-06-17,202.52
195.00,47.55,46.40,46.83,47.25,11,161,0.3261,0.68,0.0037,-0.03,1.06,Call,2027-06-17,202.52
200.00,46.4,43.80,44.35,44.90,92,780,0.3236,0.66,0.0038,-0.03,1.09,Call,2027-06-17,202.52
210.00,39.34,38.75,39.33,39.90,59,948,0.3157,0.62,0.0041,-0.03,1.13,Call,2027-06-17,202.52
220.00,36.75,32.00,33.58,35.15,64,1083,0.2988,0.58,0.0044,-0.03,1.16,Call,2027-06-17,202.52
230.00,30.2,30.15,30.45,30.75,23,800,0.302,0.54,0.0044,-0.03,1.18,Call,2027-06-17,202.52
240.00,28.12,26.30,27.08,27.85,25,744,0.30010000000000003,0.50,0.0045,-0.03,1.18,Call,2027-06-17,202.52
250.00,24.65,22.75,23.55,24.35,224,924,0.2942,0.46,0.0046,-0.03,1.17,Call,2027-06-17,202.52
260.00,21.52,19.65,19.92,20.20,717,1316,0.2848,0.41,0.0046,-0.03,1.15,Call,2027-06-17,202.52
270.00,17.8,16.85,17.15,17.45,2,390,0.2802,0.37,0.0046,-0.03,1.12,Call,2027-06-17,202.52
280.00,15.32,14.45,14.73,15.00,15,499,0.2762,0.34,0.0045,-0.02,1.08,Call,2027-06-17,202.52
290.00,13.55,12.30,12.58,12.85,7,670,0.2724,0.30,0.0043,-0.02,1.03,Call,2027-06-17,202.52
300.00,10.95,10.50,10.75,11.00,110,3011,0.26940000000000003,0.27,0.0041,-0.02,0.98,Call,2027-06-17,202.52
310.00,11.5,8.90,9.18,9.45,1,125,0.2668,0.24,0.0039,-0.02,0.92,Call,2027-06-17,202.52
320.00,8.01,7.65,7.83,8.00,11,665,0.2645,0.21,0.0037,-0.02,0.86,Call,2027-06-17,202.52
330.00,7.3,6.50,6.68,6.85,4,1118,0.2626,0.19,0.0035,-0.02,0.80,Call,2027-06-17,202.52
340.00,6.15,5.50,5.70,5.90,63,651,0.2612,0.17,0.0032,-0.02,0.74,Call,2027-06-17,202.52
350.00,5.25,4.65,4.83,5.00,10,3709,0.2593,0.15,0.0030,-0.01,0.68,Call,2027-06-17,202.52
360.00,4.15,3.95,4.13,4.30,22,217,0.2583,0.13,0.0027,-0.01,0.62,Call,2027-06-17,202.52
370.00,,3.45,3.58,3.70,0,69,0.2583,0.11,0.0025,-0.01,0.57,Call,2027-06-17,202.52
380.00,,2.88,3.07,3.25,0,84,0.2576,0.10,0.0023,-0.01,0.52,Call,2027-06-17,202.52
390.00,,2.49,2.63,2.76,0,118,0.257,0.09,0.0021,-0.01,0.47,Call,2027-06-17,202.52
400.00,2.55,2.13,2.42,2.70,2,602,0.26030000000000003,0.08,0.0019,-0.01,0.44,Call,2027-06-17,202.52
410.00,2.2,1.84,2.07,2.30,2,33,0.2596,0.07,0.0018,-0.01,0.40,Call,2027-06-17,202.52
420.00,,1.59,1.72,1.85,0,118,0.25739999999999996,0.06,0.0016,-0.01,0.36,Call,2027-06-17,202.52
430.00,1.68,1.38,1.61,1.84,2,78,0.261,0.06,0.0015,-0.01,0.34,Call,2027-06-17,202.52
440.00,1.4,1.30,1.48,1.66,15,136,0.2636,0.05,0.0014,-0.01,0.32,Call,2027-06-17,202.52
450.00,1.18,1.10,1.27,1.44,18,1362,0.26289999999999997,0.05,0.0012,-0.01,0.28,Call,2027-06-17,202.52
50.00,,0.26,0.67,1.08,0,341,0.5124,-0.01,0.0002,0.00,0.08,Put,2027-06-17,202.52
55.00,,0.21,0.82,1.42,0,0,0.4963,-0.01,0.0002,0.00,0.10,Put,2027-06-17,202.52
60.00,,0.57,1.18,1.79,0,45,0.4986,-0.02,0.0003,0.00,0.13,Put,2027-06-17,202.52
65.00,,0.76,1.27,1.78,0,25,0.47590000000000005,-0.02,0.0003,0.00,0.14,Put,2027-06-17,202.52
70.00,,0.78,1.49,2.20,0,14,0.46299999999999997,-0.02,0.0004,0.00,0.16,Put,2027-06-17,202.52
75.00,,1.23,1.84,2.45,0,274,0.4567,-0.03,0.0005,0.00,0.19,Put,2027-06-17,202.52
80.00,,1.51,2.03,2.54,0,122,0.44049999999999995,-0.03,0.0005,0.00,0.21,Put,2027-06-17,202.52
85.00,,1.83,2.35,2.87,0,10,0.43079999999999996,-0.04,0.0006,-0.01,0.24,Put,2027-06-17,202.52
90.00,,2.19,3.22,4.25,0,79,0.44020000000000004,-0.05,0.0007,-0.01,0.29,Put,2027-06-17,202.52
95.00,,2.60,3.45,4.30,0,144,0.4242,-0.05,0.0008,-0.01,0.31,Put,2027-06-17,202.52
100.00,3.6,2.69,3.64,4.60,11,1008,0.4075,-0.06,0.0009,-0.01,0.33,Put,2027-06-17,202.52
105.00,,3.95,4.60,5.25,0,203,0.4121,-0.07,0.0011,-0.01,0.38,Put,2027-06-17,202.52
110.00,4.6,4.55,4.70,4.85,5,22,0.3926,-0.07,0.0012,-0.01,0.40,Put,2027-06-17,202.52
115.00,,5.15,5.33,5.50,0,9,0.3862,-0.08,0.0013,-0.01,0.44,Put,2027-06-17,202.52
120.00,5.9,5.85,6.03,6.20,4,375,0.38049999999999995,-0.09,0.0014,-0.01,0.48,Put,2027-06-17,202.52
125.00,,5.60,6.28,6.95,0,67,0.365,-0.10,0.0016,-0.01,0.51,Put,2027-06-17,202.52
130.00,,7.40,7.58,7.75,0,154,0.3689,-0.11,0.0017,-0.01,0.56,Put,2027-06-17,202.52
135.00,,8.35,8.52,8.70,0,338,0.36479999999999996,-0.12,0.0019,-0.01,0.61,Put,2027-06-17,202.52
140.00,9.0,9.30,9.53,9.75,6,93,0.3604,-0.14,0.0021,-0.01,0.65,Put,2027-06-17,202.52
145.00,,10.35,10.60,10.85,0,25,0.35619999999999996,-0.15,0.0022,-0.01,0.69,Put,2027-06-17,202.52
150.00,10.5,11.55,11.80,12.05,3,258,0.3527,-0.17,0.0024,-0.01,0.74,Put,2027-06-17,202.52
155.00,12.6,12.75,13.00,13.25,5,58,0.3482,-0.18,0.0025,-0.01,0.78,Put,2027-06-17,202.52
160.00,13.85,14.10,14.27,14.45,15,845,0.3439,-0.20,0.0027,-0.01,0.82,Put,2027-06-17,202.52
165.00,,15.50,15.80,16.10,0,351,0.34159999999999996,-0.21,0.0029,-0.01,0.86,Put,2027-06-17,202.52
170.00,16.5,17.00,17.33,17.65,41,389,0.33840000000000003,-0.23,0.0030,-0.01,0.90,Put,2027-06-17,202.52
175.00,,18.55,18.85,19.15,0,140,0.3343,-0.25,0.0032,-0.01,0.93,Put,2027-06-17,202.52
180.00,20.75,20.35,20.65,20.95,1,549,0.3323,-0.27,0.0033,-0.01,0.97,Put,2027-06-17,202.52
185.00,,22.15,22.45,22.75,0,63,0.32939999999999997,-0.28,0.0035,-0.01,1.00,Put,2027-06-17,202.52
190.00,22.65,24.05,24.43,24.80,8,472,0.3274,-0.30,0.0036,-0.01,1.03,Put,2027-06-17,202.52
195.00,25.1,26.10,26.48,26.85,2,43,0.32530000000000003,-0.32,0.0037,-0.01,1.06,Put,2027-06-17,202.52
200.00,27.4,28.25,28.58,28.90,521,322,0.32280000000000003,-0.34,0.0038,-0.01,1.09,Put,2027-06-17,202.52
210.00,33.27,32.85,33.28,33.70,1,88,0.3201,-0.38,0.0040,-0.01,1.13,Put,2027-06-17,202.52
220.00,,37.95,38.40,38.85,0,232,0.3181,-0.42,0.0041,-0.01,1.16,Put,2027-06-17,202.52
230.00,,43.60,44.05,44.50,0,303,0.3178,-0.46,0.0042,-0.01,1.17,Put,2027-06-17,202.52
240.00,,49.70,50.20,50.70,0,168,0.319,-0.49,0.0042,-0.01,1.18,Put,2027-06-17,202.52
250.00,54.47,55.55,56.50,57.45,51,116,0.319,-0.53,0.0042,-0.01,1.18,Put,2027-06-17,202.52
260.00,61.45,62.45,64.48,66.50,18,218,0.3312,-0.55,0.0040,-0.01,1.17,Put,2027-06-17,202.52
270.00,,70.40,72.08,73.75,0,135,0.3381,-0.57,0.0039,0.00,1.16,Put,2027-06-17,202.52
280.00,79.9,78.45,80.30,82.15,22,161,0.3489,-0.59,0.0038,0.00,1.15,Put,2027-06-17,202.52
290.00,85.2,87.30,88.60,89.90,108,64,0.359,-0.61,0.0036,0.00,1.14,Put,2027-06-17,202.52
300.00,96.05,96.55,97.60,98.65,5,27,0.3741,-0.62,0.0034,0.00,1.13,Put,2027-06-17,202.52
310.00,,105.00,107.35,109.70,0,2,0.395,-0.63,0.0032,0.00,1.12,Put,2027-06-17,202.52
320.00,,115.05,117.50,119.95,0,0,0.41869999999999996,-0.63,0.0031,0.00,1.12,Put,2027-06-17,202.52
330.00,,125.20,127.50,129.80,0,1,0.4404,-0.63,0.0029,0.00,1.12,Put,2027-06-17,202.52
340.00,,135.00,137.45,139.90,0,0,0.461,-0.63,0.0028,0.00,1.12,Put,2027-06-17,202.52
350.00,,145.05,147.48,149.90,0,0,0.4817,-0.62,0.0027,0.00,1.12,Put,2027-06-17,202.52
360.00,,155.10,157.50,159.90,0,0,0.5018,-0.62,0.0026,0.00,1.12,Put,2027-06-17,202.52
370.00,,165.05,167.43,169.80,0,0,0.5205,-0.62,0.0025,0.00,1.13,Put,2027-06-17,202.52
380.00,,175.05,177.50,179.95,0,0,0.5401,-0.62,0.0024,0.00,1.13,Put,2027-06-17,202.52
390.00,,185.05,187.53,190.00,0,0,0.5589,-0.62,0.0023,-0.01,1.13,Put,2027-06-17,202.52
400.00,,195.00,197.50,200.00,0,0,0.5767,-0.62,0.0022,-0.01,1.13,Put,2027-06-17,202.52
410.00,,205.00,207.50,210.00,0,0,0.5943999999999999,-0.61,0.0022,-0.01,1.13,Put,2027-06-17,202.52
420.00,,215.00,217.50,220.00,0,0,0.6118,-0.61,0.0021,-0.01,1.14,Put,2027-06-17,202.52
430.00,,225.00,227.50,230.00,0,0,0.6289,-0.61,0.0021,-0.01,1.14,Put,2027-06-17,202.52
440.00,,235.00,237.50,240.00,0,0,0.6456000000000001,-0.60,0.0020,-0.01,1.14,Put,2027-06-17,202.52
450.00,,245.00,247.50,250.00,0,0,0.662,-0.60,0.0020,-0.01,1.14,Put,2027-06-17,202.52
50.00,,154.00,156.50,159.00,0,45,0.6388,0.97,0.0003,-0.01,0.20,Call,2027-12-17,202.52
55.00,,149.50,152.00,154.50,0,201,0.598,0.97,0.0003,-0.01,0.21,Call,2027-12-17,202.52
60.00,,145.05,147.53,150.00,0,2,0.5625,0.97,0.0004,-0.01,0.22,Call,2027-12-17,202.52
65.00,,141.00,143.50,146.00,0,3,0.5487,0.97,0.0004,-0.01,0.25,Call,2027-12-17,202.52
70.00,139.5,136.50,138.98,141.45,1,1,0.5162,0.96,0.0005,-0.01,0.27,Call,2027-12-17,202.52
75.00,,132.60,135.05,137.50,0,8,0.5072,0.96,0.0005,-0.01,0.30,Call,2027-12-17,202.52
80.00,131.25,128.50,130.75,133.00,1,103,0.4857,0.95,0.0006,-0.01,0.32,Call,2027-12-17,202.52
85.00,127.0,124.05,126.53,129.00,1,11,0.46759999999999996,0.95,0.0007,-0.02,0.35,Call,2027-12-17,202.52
90.00,,120.05,122.50,124.95,0,13,0.4556,0.94,0.0008,-0.02,0.38,Call,2027-12-17,202.52
95.00,120.0,116.10,118.50,120.90,5,63,0.44409999999999994,0.94,0.0009,-0.02,0.41,Call,2027-12-17,202.52
100.00,118.1,112.30,114.55,116.80,78,166,0.4336,0.93,0.0009,-0.02,0.44,Call,2027-12-17,202.52
105.00,,108.95,110.80,112.65,0,17,0.42710000000000004,0.92,0.0010,-0.02,0.48,Call,2027-12-17,202.52
110.00,110.2,104.85,106.78,108.70,3,93,0.41450000000000004,0.91,0.0011,-0.02,0.51,Call,2027-12-17,202.52
115.00,,100.70,102.78,104.85,0,77,0.40240000000000004,0.91,0.0013,-0.02,0.55,Call,2027-12-17,202.52
120.00,101.67,97.30,99.18,101.05,46,62,0.3972,0.90,0.0014,-0.02,0.59,Call,2027-12-17,202.52
125.00,99.0,93.60,95.70,97.80,1,316,0.3933,0.89,0.0015,-0.02,0.63,Call,2027-12-17,202.52
130.00,91.9,90.10,91.70,93.30,5,190,0.38060000000000005,0.88,0.0016,-0.02,0.67,Call,2027-12-17,202.52
135.00,94.15,86.30,88.25,90.20,2,80,0.37579999999999997,0.87,0.0017,-0.02,0.71,Call,2027-12-17,202.52
140.00,88.65,84.00,85.00,86.00,1,172,0.373,0.85,0.0019,-0.02,0.75,Call,2027-12-17,202.52
145.00,82.01,79.25,80.90,82.55,4,40,0.35850000000000004,0.84,0.0020,-0.02,0.79,Call,2027-12-17,202.52
150.00,81.35,77.20,78.70,80.20,4,186,0.3674,0.83,0.0021,-0.03,0.84,Call,2027-12-17,202.52
155.00,75.5,73.45,74.93,76.40,1,100,0.35619999999999996,0.82,0.0023,-0.03,0.87,Call,2027-12-17,202.52
160.00,74.57,70.15,71.65,73.15,3,110,0.3504,0.80,0.0024,-0.03,0.91,Call,2027-12-17,202.52
165.00,70.81,66.55,68.73,70.90,25,66,0.3479,0.79,0.0025,-0.03,0.95,Call,2027-12-17,202.52
170.00,68.13,63.75,65.58,67.40,2,501,0.3422,0.77,0.0027,-0.03,0.99,Call,2027-12-17,202.52
175.00,63.95,61.10,62.63,64.15,13,378,0.3381,0.76,0.0028,-0.03,1.03,Call,2027-12-17,202.52
180.00,62.8,58.65,59.70,60.75,125,579,0.3337,0.74,0.0029,-0.03,1.06,Call,2027-12-17,202.52
185.00,56.55,55.70,57.20,58.70,4,1950,0.3325,0.73,0.0031,-0.03,1.10,Call,2027-12-17,202.52
190.00,54.24,53.20,53.98,54.75,155,795,0.32420000000000004,0.71,0.0032,-0.03,1.13,Call,2027-12-17,202.52
195.00,54.35,50.55,51.45,52.35,31,595,0.32170000000000004,0.69,0.0033,-0.03,1.16,Call,2027-12-17,202.52
200.00,51.71,47.35,48.33,49.30,295,1051,0.3134,0.67,0.0035,-0.03,1.18,Call,2027-12-17,202.52
205.00,49.2,46.00,47.30,48.60,276,384,0.3223,0.66,0.0035,-0.03,1.21,Call,2027-12-17,202.52
210.00,46.23,42.35,43.40,44.45,521,747,0.3065,0.64,0.0037,-0.03,1.23,Call,2027-12-17,202.52
215.00,43.85,39.80,41.13,42.45,33,573,0.3038,0.62,0.0038,-0.03,1.25,Call,2027-12-17,202.52
220.00,41.5,38.65,39.40,40.15,25,1142,0.3048,0.60,0.0039,-0.03,1.27,Call,2027-12-17,202.52
225.00,37.4,36.95,37.60,38.25,109,1629,0.30469999999999997,0.58,0.0039,-0.03,1.28,Call,2027-12-17,202.52
230.00,35.57,34.70,35.43,36.15,43,918,0.3009,0.57,0.0040,-0.03,1.29,Call,2027-12-17,202.52
235.00,,32.60,33.38,34.15,0,192,0.2977,0.55,0.0041,-0.03,1.30,Call,2027-12-17,202.52
240.00,32.7,30.65,31.28,31.90,41,474,0.29350000000000004,0.53,0.0041,-0.03,1.31,Call,2027-12-17,202.52
245.00,,29.00,29.63,30.25,0,230,0.2922,0.51,0.0042,-0.03,1.31,Call,2027-12-17,202.52
250.00,29.74,27.05,27.75,28.45,143,1038,0.2888,0.49,0.0042,-0.03,1.31,Call,2027-12-17,202.52
255.00,27.11,25.55,26.03,26.50,17,332,0.2859,0.47,0.0042,-0.03,1.31,Call,2027-12-17,202.52
260.00,25.5,23.75,24.43,25.10,931,705,0.28350000000000003,0.45,0.0043,-0.03,1.30,Call,2027-12-17,202.52
265.00,23.35,22.25,23.00,23.75,32,681,0.28190000000000004,0.44,0.0042,-0.03,1.29,Call,2027-12-17,202.52
270.00,22.75,21.00,21.63,22.25,34,1596,0.2803,0.42,0.0042,-0.03,1.28,Call,2027-12-17,202.52
275.00,,19.45,20.17,20.90,0,266,0.2775,0.40,0.0042,-0.02,1.27,Call,2027-12-17,202.52
280.00,20.21,18.20,18.92,19.65,357,1046,0.2759,0.38,0.0042,-0.02,1.25,Call,2027-12-17,202.52
285.00,17.4,16.95,17.70,18.45,5,19,0.27390000000000003,0.37,0.0042,-0.02,1.24,Call,2027-12-17,202.52
290.00,17.0,15.85,16.55,17.25,3,430,0.2722,0.35,0.0041,-0.02,1.22,Call,2027-12-17,202.52
295.00,15.2,14.85,15.52,16.20,313,337,0.271,0.33,0.0041,-0.02,1.20,Call,2027-12-17,202.52
300.00,15.5,13.80,14.48,15.15,53,733,0.2691,0.32,0.0040,-0.02,1.17,Call,2027-12-17,202.52
305.00,13.93,12.80,13.50,14.20,1,17,0.26739999999999997,0.30,0.0040,-0.02,1.15,Call,2027-12-17,202.52
310.00,12.9,11.95,12.60,13.25,4,233,0.266,0.29,0.0039,-0.02,1.12,Call,2027-12-17,202.52
315.00,12.1,11.10,11.70,12.30,3,16,0.2642,0.27,0.0038,-0.02,1.09,Call,2027-12-17,202.52
320.00,11.65,10.35,11.00,11.65,14,456,0.2637,0.26,0.0037,-0.02,1.07,Call,2027-12-17,202.52
325.00,10.9,9.65,10.30,10.95,3,126,0.26289999999999997,0.25,0.0037,-0.02,1.04,Call,2027-12-17,202.52
330.00,9.9,9.00,9.60,10.20,14,90,0.26170000000000004,0.24,0.0036,-0.02,1.01,Call,2027-12-17,202.52
335.00,8.75,8.70,9.15,9.60,13,7,0.2627,0.23,0.0035,-0.02,0.99,Call,2027-12-17,202.52
340.00,,7.80,8.40,9.00,0,19,0.2602,0.21,0.0034,-0.02,0.95,Call,2027-12-17,202.52
345.00,,7.30,7.85,8.40,0,8,0.2594,0.20,0.0033,-0.02,0.92,Call,2027-12-17,202.52
350.00,7.8,6.80,7.38,7.95,34,238,0.25920000000000004,0.19,0.0032,-0.02,0.90,Call,2027-12-17,202.52
355.00,,6.30,6.85,7.40,0,93,0.258,0.18,0.0031,-0.01,0.86,Call,2027-12-17,202.52
360.00,,5.85,7.43,9.00,0,28,0.26940000000000003,0.19,0.0030,-0.02,0.88,Call,2027-12-17,202.52
365.00,,5.45,5.98,6.50,0,3,0.25670000000000004,0.16,0.0029,-0.01,0.81,Call,2027-12-17,202.52
370.00,6.0,5.30,5.75,6.20,5,26,0.2583,0.16,0.0028,-0.01,0.79,Call,2027-12-17,202.52
375.00,,4.80,5.30,5.80,0,38,0.25670000000000004,0.15,0.0027,-0.01,0.76,Call,2027-12-17,202.52
380.00,,4.50,4.95,5.40,0,92,0.2562,0.14,0.0026,-0.01,0.73,Call,2027-12-17,202.52
385.00,,4.20,4.68,5.15,0,0,0.2563,0.13,0.0025,-0.01,0.70,Call,2027-12-17,202.52
390.00,,2.98,3.92,4.85,0,57,0.2488,0.12,0.0024,-0.01,0.64,Call,2027-12-17,202.52
395.00,,3.65,4.08,4.50,0,10,0.2552,0.12,0.0024,-0.01,0.65,Call,2027-12-17,202.52
400.00,3.95,3.40,3.88,4.35,10,100,0.2559,0.11,0.0023,-0.01,0.63,Call,2027-12-17,202.52
405.00,,3.15,3.63,4.10,0,10,0.2555,0.11,0.0022,-0.01,0.61,Call,2027-12-17,202.52
410.00,,3.00,3.45,3.90,0,15,0.2561,0.10,0.0021,-0.01,0.59,Call,2027-12-17,202.52
415.00,,2.82,3.26,3.70,0,9,0.2562,0.10,0.0021,-0.01,0.57,Call,2027-12-17,202.52
420.00,,2.64,3.07,3.50,0,40,0.2562,0.09,0.0020,-0.01,0.55,Call,2027-12-17,202.52
425.00,,2.48,2.92,3.35,0,9,0.25670000000000004,0.09,0.0019,-0.01,0.53,Call,2027-12-17,202.52
430.00,,2.48,2.82,3.15,0,49,0.258,0.09,0.0019,-0.01,0.52,Call,2027-12-17,202.52
435.00,,2.18,2.59,2.99,0,30,0.2565,0.08,0.0018,-0.01,0.49,Call,2027-12-17,202.52
440.00,2.6,2.10,2.44,2.78,599,2454,0.2566,0.08,0.0017,-0.01,0.47,Call,2027-12-17,202.52
50.00,,0.68,0.87,1.05,0,85,0.48840000000000006,-0.01,0.0002,0.00,0.10,Put,2027-12-17,202.52
55.00,,0.66,1.06,1.46,0,6,0.47509999999999997,-0.01,0.0002,0.00,0.12,Put,2027-12-17,202.52
60.00,,1.07,1.37,1.66,0,7,0.46869999999999995,-0.02,0.0003,0.00,0.15,Put,2027-12-17,202.52
65.00,,1.30,1.61,1.91,0,108,0.4561,-0.02,0.0004,0.00,0.17,Put,2027-12-17,202.52
70.00,,1.56,1.88,2.19,0,14,0.4446,-0.03,0.0004,0.00,0.20,Put,2027-12-17,202.52
75.00,,1.86,2.19,2.51,0,56,0.43450000000000005,-0.03,0.0005,0.00,0.23,Put,2027-12-17,202.52
80.00,,2.20,2.54,2.87,0,141,0.4251,-0.04,0.0006,0.00,0.25,Put,2027-12-17,202.52
85.00,,2.59,2.95,3.30,0,67,0.4172,-0.04,0.0006,0.00,0.29,Put,2027-12-17,202.52
90.00,,3.00,3.25,3.50,0,42,0.40509999999999996,-0.05,0.0007,-0.01,0.32,Put,2027-12-17,202.52
95.00,,3.45,3.85,4.25,0,11,0.4014,-0.05,0.0008,-0.01,0.36,Put,2027-12-17,202.52
100.00,4.4,4.00,4.40,4.80,11,195,0.395,-0.06,0.0009,-0.01,0.39,Put,2027-12-17,202.52
105.00,,4.65,5.03,5.40,0,6,0.38939999999999997,-0.07,0.0010,-0.01,0.43,Put,2027-12-17,202.52
110.00,,5.20,5.65,6.10,0,662,0.3829,-0.08,0.0011,-0.01,0.47,Put,2027-12-17,202.52
115.00,6.08,5.95,6.40,6.85,1,822,0.3782,-0.09,0.0013,-0.01,0.52,Put,2027-12-17,202.52
120.00,6.8,6.75,7.18,7.60,9,215,0.3729,-0.10,0.0014,-0.01,0.56,Put,2027-12-17,202.52
125.00,7.55,7.55,8.03,8.50,20,197,0.36810000000000004,-0.11,0.0015,-0.01,0.60,Put,2027-12-17,202.52
130.00,9.24,8.45,8.95,9.45,14,61,0.3636,-0.12,0.0016,-0.01,0.65,Put,2027-12-17,202.52
135.00,10.0,9.45,9.95,10.45,5,67,0.35950000000000004,-0.13,0.0018,-0.01,0.69,Put,2027-12-17,202.52
140.00,10.64,10.55,11.05,11.55,4,96,0.35590000000000005,-0.14,0.0019,-0.01,0.73,Put,2027-12-17,202.52
145.00,,11.65,12.20,12.75,0,46,0.3521,-0.15,0.0020,-0.01,0.78,Put,2027-12-17,202.52
150.00,12.68,12.90,13.20,13.50,14,238,0.3456,-0.17,0.0022,-0.01,0.82,Put,2027-12-17,202.52
155.00,,14.05,14.70,15.35,0,83,0.3447,-0.18,0.0023,-0.01,0.86,Put,2027-12-17,202.52
160.00,14.75,15.50,16.05,16.60,2,305,0.341,-0.20,0.0025,-0.01,0.91,Put,2027-12-17,202.52
165.00,16.14,17.05,17.68,18.30,1,274,0.3395,-0.21,0.0026,-0.01,0.95,Put,2027-12-17,202.52
170.00,19.0,18.65,19.28,19.90,6,285,0.337,-0.23,0.0027,-0.01,0.99,Put,2027-12-17,202.52
175.00,20.0,20.15,20.80,21.45,76,100,0.33299999999999996,-0.24,0.0029,-0.01,1.02,Put,2027-12-17,202.52
180.00,22.59,21.90,22.58,23.25,2,609,0.3308,-0.26,0.0030,-0.01,1.06,Put,2027-12-17,202.52
185.00,23.43,23.95,24.48,25.00,4,270,0.32899999999999996,-0.27,0.0031,-0.01,1.09,Put,2027-12-17,202.52
190.00,25.55,25.85,26.40,26.95,18,690,0.3267,-0.29,0.0032,-0.01,1.13,Put,2027-12-17,202.52
195.00,26.92,27.85,28.58,29.30,5,776,0.326,-0.31,0.0033,-0.01,1.16,Put,2027-12-17,202.52
200.00,29.4,30.15,30.78,31.40,67,853,0.3248,-0.32,0.0034,-0.01,1.18,Put,2027-12-17,202.52
205.00,33.15,32.25,33.05,33.85,8,142,0.3236,-0.34,0.0035,-0.01,1.21,Put,2027-12-17,202.52
210.00,34.1,34.65,35.28,35.90,118,288,0.32130000000000003,-0.36,0.0035,-0.01,1.23,Put,2027-12-17,202.52
215.00,36.05,37.05,37.83,38.60,1,81,0.3212,-0.38,0.0036,-0.01,1.25,Put,2027-12-17,202.52
220.00,39.55,39.75,40.58,41.40,242,254,0.32189999999999996,-0.39,0.0036,-0.01,1.26,Put,2027-12-17,202.52
225.00,,42.40,43.13,43.85,0,14,0.32049999999999995,-0.41,0.0037,-0.01,1.28,Put,2027-12-17,202.52
230.00,,45.20,46.10,47.00,0,19,0.3218,-0.43,0.0037,-0.01,1.29,Put,2027-12-17,202.52
235.00,,48.10,48.90,49.70,0,15,0.32130000000000003,-0.44,0.0037,-0.01,1.30,Put,2027-12-17,202.52
240.00,50.3,51.25,52.18,53.10,7,72,0.324,-0.46,0.0037,-0.01,1.30,Put,2027-12-17,202.52
245.00,53.35,54.40,55.18,55.95,11,55,0.3239,-0.47,0.0037,-0.01,1.31,Put,2027-12-17,202.52
250.00,55.56,57.10,58.93,60.75,5,38,0.3292,-0.48,0.0037,0.00,1.31,Put,2027-12-17,202.52
255.00,61.51,60.35,62.33,64.30,1,42,0.33140000000000003,-0.50,0.0037,0.00,1.31,Put,2027-12-17,202.52
260.00,,63.15,65.45,67.75,0,382,0.3309,-0.51,0.0037,0.00,1.31,Put,2027-12-17,202.52
265.00,,67.75,69.50,71.25,0,10,0.3373,-0.52,0.0036,0.00,1.31,Put,2027-12-17,202.52
270.00,69.82,71.35,73.32,75.30,225,11,0.34149999999999997,-0.53,0.0035,0.00,1.31,Put,2027-12-17,202.52
275.00,,75.60,77.43,79.25,0,3,0.34740000000000004,-0.54,0.0035,0.00,1.30,Put,2027-12-17,202.52
280.00,80.2,79.70,80.70,81.70,31,32,0.34659999999999996,-0.55,0.0035,0.00,1.30,Put,2027-12-17,202.52
285.00,,83.65,85.45,87.25,0,0,0.35700000000000004,-0.56,0.0034,0.00,1.30,Put,2027-12-17,202.52
290.00,,87.90,89.80,91.70,0,22,0.364,-0.56,0.0033,0.00,1.29,Put,2027-12-17,202.52
295.00,,92.35,94.43,96.50,0,20,0.3729,-0.57,0.0032,0.00,1.29,Put,2027-12-17,202.52
300.00,95.85,97.05,99.00,100.95,465,23,0.3812,-0.57,0.0031,0.00,1.29,Put,2027-12-17,202.52
305.00,,101.30,103.18,105.05,0,2,0.3861,-0.58,0.0031,0.00,1.29,Put,2027-12-17,202.52
310.00,,106.35,108.03,109.70,0,0,0.3962,-0.58,0.0030,0.00,1.29,Put,2027-12-17,202.52
315.00,,110.00,112.50,115.00,0,0,0.40299999999999997,-0.58,0.0029,0.00,1.28,Put,2027-12-17,202.52
320.00,,115.70,117.83,119.95,0,1,0.4164,-0.58,0.0029,0.00,1.28,Put,2027-12-17,202.52
325.00,,120.00,122.50,125.00,0,0,0.42450000000000004,-0.58,0.0028,0.00,1.28,Put,2027-12-17,202.52
330.00,,125.05,127.50,129.95,0,0,0.435,-0.58,0.0027,0.00,1.28,Put,2027-12-17,202.52
335.00,,130.00,132.50,135.00,0,0,0.4454,-0.58,0.0027,0.00,1.28,Put,2027-12-17,202.52
340.00,,135.05,137.50,139.95,0,0,0.4556,-0.58,0.0026,0.00,1.28,Put,2027-12-17,202.52
345.00,,140.00,142.50,145.00,0,0,0.4657,-0.58,0.0026,0.00,1.28,Put,2027-12-17,202.52
350.00,,145.10,147.55,150.00,0,0,0.47600000000000003,-0.58,0.0025,0.00,1.28,Put,2027-12-17,202.52
355.00,,150.00,152.50,155.00,0,0,0.4853,-0.58,0.0025,0.00,1.28,Put,2027-12-17,202.52
360.00,,155.00,157.50,160.00,0,0,0.495,-0.58,0.0024,0.00,1.29,Put,2027-12-17,202.52
365.00,,160.00,162.50,165.00,0,0,0.5046,-0.58,0.0024,0.00,1.29,Put,2027-12-17,202.52
370.00,,165.00,167.50,170.00,0,0,0.514,-0.58,0.0023,0.00,1.29,Put,2027-12-17,202.52
375.00,,170.00,172.50,175.00,0,0,0.5234000000000001,-0.58,0.0023,0.00,1.29,Put,2027-12-17,202.52
380.00,,175.00,177.50,180.00,0,0,0.5326,-0.57,0.0022,0.00,1.29,Put,2027-12-17,202.52
385.00,,180.00,182.50,185.00,0,0,0.5418,-0.57,0.0022,0.00,1.29,Put,2027-12-17,202.52
390.00,,185.00,187.50,190.00,0,0,0.5508,-0.57,0.0022,0.00,1.29,Put,2027-12-17,202.52
395.00,,190.00,192.50,195.00,0,0,0.5598,-0.57,0.0021,0.00,1.29,Put,2027-12-17,202.52
400.00,,195.00,197.50,200.00,0,0,0.5687,-0.57,0.0021,0.00,1.29,Put,2027-12-17,202.52
405.00,,200.00,202.50,205.00,0,0,0.5774,-0.57,0.0021,0.00,1.29,Put,2027-12-17,202.52
410.00,,205.00,207.50,210.00,0,0,0.5861,-0.57,0.0020,0.00,1.29,Put,2027-12-17,202.52
415.00,,210.00,212.50,215.00,0,0,0.5947,-0.56,0.0020,0.00,1.29,Put,2027-12-17,202.52
420.00,,215.00,217.50,220.00,0,0,0.6032,-0.56,0.0020,0.00,1.29,Put,2027-12-17,202.52
425.00,,220.00,222.50,225.00,0,0,0.6115999999999999,-0.56,0.0020,0.00,1.30,Put,2027-12-17,202.52
430.00,,225.00,227.50,230.00,0,0,0.62,-0.56,0.0019,0.00,1.30,Put,2027-12-17,202.52
435.00,,230.00,232.50,235.00,0,0,0.6283,-0.56,0.0019,0.00,1.30,Put,2027-12-17,202.52
440.00,,235.00,237.50,240.00,0,0,0.6365999999999999,-0.56,0.0019,0.00,1.30,Put,2027-12-17,202.52
